4.999298475551418
5.209104166800071
5.301376393562011
5.208599460970252
5.000325433515862
4.784640120962294
4.702752212112049
4.786230196929932
4.997982233472227
5.215624508803056
5.301703615420948
5.210738913278504
5.000920603134287
4.786397951063828
4.699380817808835
4.790852872298006
5.000252873059397
5.211110411277629
5.302324795427739
5.206124249992497
4.998173059985575
4.78888072181239
4.698582461391192
4.789384545043925
5.002338105417781
5.214414465498796
5.298349422278584
5.210675687136063
4.99572721929806
4.783566762241084
4.700104049326574
4.786779929636486
5.001885293243763
5.217129297767124
5.296609878715158
5.2102591667652
4.994791805399539
4.785336886230892
4.700748456155009
4.792638535397294
5.005019499889108
5.218131674932282
5.299272785976906
5.209473943271761
4.993854107682128
4.778140681333273
4.697756857391832
4.789219237797569
5.00309618735292
5.215772971329746
5.298500875736209
5.210723985699638
4.996698915324165
4.78157787561089
4.699733802480432
4.797461053356399
5.007037265820512
5.214757359807545
5.297852527722341
5.207748954776958
4.99196653100403
4.782589352741838
4.701216901613064
4.792732960450111
5.007551579242616
5.22182259118751
5.299904384231849
5.207612926636368
4.996398049791341
4.77939103241386
4.703158949352205
4.796921924239766
5.00850437681983
5.219390417338547
5.300194061074169
5.201848710437685
4.989066265188657
4.779385550085837
4.700961621978807
4.793816832952534
5.011576141222822
5.219755465641851
5.302395104540839
5.205733445717363
4.991727226985093
4.779537172417514
4.695830734794542
4.792998120757504
5.010978832294987
5.222139744857754
5.299491777364201
5.203981196250033
4.991238951520934
4.778884832961109
4.701038287713816
4.79601828153719
5.014747438943991
5.219148277465705
5.30208757844504
5.202526018985751
4.983723346859158
4.776587257610897
4.69985308563339
4.799476931779984
5.011687649936517
5.220785690814935
5.298952845254926
5.202966992341425
4.984284172819671
4.779500834968531
4.700581946534956
4.797875428201131
5.016041178218311
5.221899015206509
5.301407688808827
5.199911391718246
4.986209543750039
4.776125335199191
4.700672076363682
4.801013574704673
5.013909970506625
5.221416438595466
5.29570220624934
5.200903362738377
4.985449111341527
4.779669318958109
4.702845922303693
4.799749823007296
5.015926858785261
5.2251565975479
5.299577219806521
5.200733300497922
4.984675295998286
4.778973805596091
4.695812805628821
4.800232166937876
5.017454671669989
5.222778279543917
5.299202848333237
5.201633459030516
4.982311597311251
4.778334126349193
4.696128955420463
4.8025297198492
5.017220590249655
5.226332515201449
5.300512429785416
5.201140888956021
4.983487966016408
4.777724673861156
4.699108930584626
4.79979743853437
5.018063222243297
5.225253433553725
5.30317130186015
5.193816933222865
4.981126824633036
4.774378307866695
4.704636103468101
4.797675571406528
5.020178100264366
5.227621366927238
5.299280619933015
5.197532732285814
4.97881654154982
4.777185434367133
4.700650509937223
4.799223372416411
5.019182875317733
5.22774503262241
5.298935552574174
5.194898404670536
4.977926152060125
4.773296297586914
4.700166495778124
4.806688508688891
5.020259035109787
5.224463992110651
5.300727703165132
5.195937958166483
4.976927110770638
4.775282181342312
4.703195822834067
4.804358647718892
5.020533380762169
5.226313401787816
5.297478741056457
5.196972424520654
4.978415239969511
4.774426980733653
4.700549598031462
4.801362947877228
5.026003840860417
5.226001055831384
5.301307911896802
5.194486724917468
4.977998076831698
4.766354630201897
4.700891474098241
4.803292384938517
5.027050375156338
5.228231267285015
5.296610388051953
5.194400161055697
4.971984317698731
4.768104380817796
4.702964428736151
4.808539289773176
5.021381610306842
5.229796345363916
5.296739546703778
5.192352088665153
4.973389721325201
4.774565965201269
4.700472035566025
4.804711814654793
5.024904590615404
5.229059020292847
5.300024672761961
5.195655087248475
4.973776554146792
4.769688550951042
4.700880739662282
4.806988942681155
5.024785195931019
5.231111248732613
5.300573993734967
5.189999666833918
4.970406141220086
4.764638754378724
4.704079543542743
4.808921057788241
5.02907139054727
5.22740432301132
5.300038067679971
5.191643379376476
4.971104423611812
4.768583397335219
4.700456055623886
4.808793231484467
5.028328423834433
5.232383525160325
5.297539487734787
5.192589690766529
4.974614680973795
4.766167903880242
4.700323822418785
4.810223714671626
5.030177663776252
5.230697027478649
5.297931528559129
5.189874666878192
4.971183150560553
4.765507526696892
4.701314057997132
4.809906524206528
5.032009379958745
5.234658363804617
5.301762326850554
5.1896883690494
4.970999663650678
4.768257078896428
4.704868607316341
4.813826589962284
5.032613028423298
5.232293688469987
5.301409535565313
5.188961535189407
4.967653271142816
4.765885567683842
4.700396648202161
4.81068764724238
5.030735046021778
5.233016917007778
5.300344589978327
5.185569784645141
4.968246987646586
4.76575389907793
4.700035142609593
4.808748712531044
5.033107838648604
5.234656419664119
5.2990319567061
5.1880616819881
4.966834719225566
4.764339722053132
4.701003425602942
4.813662577537857
5.034034752269654
5.23150671847855
5.298084027554417
5.186249824764309
4.962324762791916
4.765749015204102
4.704426257474463
4.813202920858148
5.036298175163838
5.237089632297241
5.29629797189579
5.18600015620141
4.961215702644196
4.766606342979179
4.703741997518568
4.814076413511687
5.034599990763037
5.235157339287578
5.295204427689174
5.186951907899279
4.96448737319942
4.761907496874039
4.705629121348974
4.814523193286827
5.033341968036318
5.236348989401808
5.300226967457845
5.184076207690879
4.962584562627195
4.763310476898877
4.704710668384277
4.817890874691908
5.034022511237329
5.237546418541874
5.296577832394958
5.183962074414655
4.959519645450323
4.761356400510945
4.701621119839692
4.81885896436767
5.03679686858609
5.235694585352149
5.297359967447925
5.183774050995991
4.963100195717296
4.764429040761154
4.700953915456696
4.821517289537766
5.036429431081567
5.235384142018739
5.29545336449771
5.181563587710682
4.955774218648675
4.762179722895568
4.699970068552226
4.817140913765853
5.039097759987961
5.23647821199089
5.295109660384581
5.179366418255494
4.95555427230046
4.754278473043708
4.698673657184714
4.814114760558346
5.034679952111101
5.235305631656508
5.288438745262248
5.172318884608664
4.950392905854016
4.749665044520812
4.690385968108311
4.80777284842089
5.029569281849092
5.218272512099264
5.2745445275884
5.155935911337984
4.929865687538999
4.723552954569766
4.666583907949418
4.781791798630116
4.994401244188995
5.19325398961532
5.239729265484074
5.116501678959842
4.882835450362048
4.680025363920635
4.613308721275451
4.722120054151528
4.935367106001846
5.117972389842183
5.165917170410509
5.033782086236728
4.795797845891301
4.588094226458448
4.523449418978117
4.626820633549695
4.835428266444157
5.021140758704831
5.065739930572803
4.938894591624315
4.707059376985003
4.508422911933048
4.456596121617282
4.579614612024721
4.814601121219688
5.027056577366401
5.097154641109825
5.007157770380865
4.814094518084477
4.649384460894781
4.63315631957401
4.79267571416584
5.055841065036845
5.292607578936401
5.382492283028939
5.29930477697641
5.104705665606409
4.941130399620308
4.907737765197902
5.046017806730912
5.278355420783916
5.490381829766812
5.545938262204221
5.421006327024459
5.197667797672068
4.993013730920112
4.93147238114745
5.041147294674696
5.252559547717834
5.431009968787274
5.47542674994513
5.338566628324837
5.101118615528316
4.892555382463102
4.829180022679937
4.93951585789341
5.152682254045961
5.338644486372612
5.378213331717143
5.250801628226085
5.016834913996973
4.81502666934876
4.757802233839859
4.876120082428941
5.094050693111272
5.286967003272221
5.331353840423217
5.201783083060898
4.970467036069162
4.779660330916152
4.726768449617697
4.845791954543467
5.070383489518932
5.257837837926775
5.31050229105905
5.183789913393242
4.954973348264929
4.765882835317841
4.718866429566236
4.839584829787611
5.061701874188959
5.249486654284324
5.30333163373387
5.177666797397592
4.950545870984059
4.760411311131161
4.708958425886455
4.836174292155495
5.058570106661334
5.246134029002378
5.299018683386853
5.169907051424283
4.950099061023202
4.752785028504289
4.703282333243004
4.831644677695938
5.053629185504668
5.246547165866184
5.295717663787044
5.170404307809736
4.945807188748366
4.752486354319291
4.704469354212419
4.829217815663353
5.057189935297471
5.250699378008713
5.293148335827282
5.16847666578246
4.941492249123262
4.752701576709768
4.704844486326426
4.831296053279798
5.053120260347883
5.249594685019702
5.300725625905072
5.168024788467795
4.943500823700834
4.74918907809444
4.707785680515291
4.833024184969408
5.057837527109426
5.249109826319831
5.295001274231764
5.166204968663777
4.938768571429473
4.751390972360225
4.704610704865538
4.834170059846937
5.058230101876941
5.249961390524522
5.292733361851489
5.167188307372216
4.940595964281116
4.749818075199786
4.70804174338305
4.830505429110062
5.061676626918377
5.246923713344898
5.295219165905859
5.16366529132577
4.937070817135404
4.750394349092362
4.703592446679234
4.837641015506184
5.061505596943878
5.249572282238565
5.293262612574675
5.168746960913102
4.937484437486646
4.750865718082187
4.707924680466698
4.839643372746808
5.059307478265612
5.250613378820155
5.292173048179251
5.165044691611506
4.937868642766199
4.747457245324506
4.709786410782485
4.833772311402923
5.064957014512369
5.252030081361663
5.291941756648852
5.16353045977376
4.936573619329181
4.747057918607695
4.708168912398411
4.839900157028597
5.05996780439093
5.248740476138154
5.294751645750186
5.160154237294711
4.940065827621415
4.746103644093007
4.708035985555328
4.834693990392563
5.061279234968211
5.254845498576002
5.293192214115476
5.162679920558705
4.938850095554676
4.749168506091825
4.705435784909636
4.837745609221112
5.065981070115327
5.252965461395681
5.290881416101345
5.158939885072467
4.936537857877072
4.747408311426916
4.70856185307457
4.840588907380589
5.062781345393081
5.25446456385682
5.290439349814814
5.160770482695106
4.929402138035814
4.746790489535573
4.707214058105052
4.841580197604137
5.065355164301025
5.255538377715603
5.291478359208354
5.159414312580369
4.933866361102981
4.748277322135991
4.707562677375036
4.844641020495011
5.066216573987712
5.249659953715654
5.288089828301956
5.158392597448979
4.930552951443459
4.745487511418562
4.710311540555582
4.840987294397251
5.06548318780431
5.252866519211445
5.294302637842565
5.157777907038551
4.932111223181058
4.741854092574318
4.706796430369947
4.841911282365538
5.069672361396425
5.254215239040514
5.292946254992952
5.158335135303334
4.931409952601013
4.744275030658627
4.70541007342408
4.841941578771937
5.07485822677211
5.253368790449875
5.293514498303995
5.154776023797179
4.930493358914154
4.743803934567138
4.71019689029762
4.840994090102875
5.069524779064426
5.257604021497774
5.292611597639293
5.15645427603506
4.930037093804556
4.741312490304725
4.708537357023061
4.841272918100608
5.069734652065526
5.258077821515532
5.287119772798571
5.156990291613383
4.92890381213104
4.745628776376912
4.708190313757708
4.846965052335701
5.074761938818581
5.255890705420428
5.290753641120354
5.152487811422495
4.92942801181835
4.744769722933701
4.707574264837986
4.845800784320968
5.078863113110721
5.256341805904942
5.291396946153017
5.156402835672645
4.923857440300854
4.742539388844595
4.710177524088862
4.845715729958016
5.075293714216981
5.260740373865571
5.292534593275374
5.150093909073014
4.926815780504566
4.741359132639254
4.710495664325553
4.849493203813688
5.077530854128634
5.255679891340594
5.290869690953141
5.152274540678777
4.927694150360794
4.742460214676648
4.706968933266619
4.850174314542934
5.074316373086411
5.25687455051018
5.289938163591831
5.14980314020193
4.922300418705971
4.737281375537694
4.70973543485083
4.847111378713706
5.075750714150392
5.262947788628333
5.292671449670426
5.150900048350368
4.922468991799458
4.739169663865523
4.712396736674704
4.851582122619621
5.076039596243636
5.26099151687692
5.290460702554671
5.150089223177432
4.920081903356576
4.740053715855224
4.713207645966044
4.851173443149277
5.078849256085459
5.259923007781093
5.287736443721766
5.150069308954224
4.921643050103456
4.738837293091064
4.707783255658745
4.848601496833472
5.076196875121555
5.26228900703004
5.289840514081912
5.146457770741113
4.915897190937588
4.736284718322398
4.709218961151206
4.853258572316112
5.079196281918005
5.261718033148664
5.285697238218003
5.148184694198829
4.917751718520527
4.737503220610483
4.711761264925946
4.853904569296309
5.083384752170704
5.264175914844753
5.288938080961192
5.145368933352706
4.914425459553879
4.737579733179852
4.709232109745843
4.853053401840793
5.083225351265974
5.262196436644413
5.289326868176975
5.146598453183783
4.917056089462049
4.739513126292942
4.709054749065274
4.856409596571878
5.08068274657172
5.264482872361061
5.284038523749509
5.144232792478171
4.91513398899815
4.740065819728323
4.713435675956937
4.853605793508565
5.08511208020001
5.264409040049967
5.283920915026771
5.146934975849572
4.917232163876657
4.734345343128382
4.713116930412562
4.858538584170162
5.087803195891786
5.262616824539388
5.287769136256312
5.14297341194983
4.912840652850829
4.739068907276793
4.707573211865732
4.856161102689481
5.085425094010295
5.266565506929965
5.288170382831683
5.144474767716948
4.915569307757109
4.734705719877189
4.710029635019409
4.85944723008963
5.086091977892937
5.26634519764685
5.290629962511059
5.140932259906342
4.910748003974542
4.734932281795427
4.716902556390992
4.856165312429897
5.088789817714255
5.267990685378398
5.287007241545978
5.143012568096174
4.91184512786835
4.733129956838759
4.713257921438504
4.860414898093938
5.090401791985851
5.261799339434917
5.286239587296096
5.13855745414408
4.909083028699633
4.737283347106528
4.710424046563787
4.864059215563494
5.088029363891398
5.266849203576417
5.282565799022884
5.136840028761691
4.909637509770768
4.732074904385656
4.713975655358897
4.861279151243354
5.091968858552259
5.263581413713291
5.284007305293366
5.138106146058097
4.905257056957142
4.732522476144603
4.712856180258836
4.864738403440981
5.092170524974117
5.266638628164983
5.285867746965101
5.139409050176861
4.907844468656446
4.732285329443908
4.715021672414248
4.864286854607381
5.093846806288505
5.263616123732274
5.28583284019609
5.138690071873379
4.905230314321635
4.730381692178528
4.715828660404145
4.868667854111075
5.091934200698189
5.265837720047305
5.281641421977539
5.130771863651863
4.909011866222156
4.734526457100692
4.716272634759862
4.863387702609579
5.094729434597128
5.267540187637069
5.284315272016824
5.132281416431848
4.908494638416046
4.731652953833287
4.714023027403858
4.868501744274557
5.094736408482879
5.270999207238321
5.287255758701788
5.131655553850752
4.904174628749445
4.729981879002503
4.717360373037391
4.871977099590906
5.095318232469809
5.270285870794568
5.28469947468832
5.132631599781994
4.903783368563191
4.72993875951199
4.714329666668614
4.871396613304531
5.094758084390544
5.269660098172348
5.286929599038944
5.132224328657585
4.900503309224631
4.733228016398295
4.717604025699966
4.8716042229997
5.095272517755381
5.270134842652213
5.280538033732578
5.129926414199645
4.899533882262882
4.734952738321955
4.71348426263682
4.872844512199096
5.10022401667806
5.27257292176952
5.288158803783134
5.129303568398013
4.89967494685811
4.729064940846295
4.716386426957914
4.869119616766747
5.100140971375726
5.275316017117051
5.283409415366706
5.128124889847201
4.901509077406578
4.726015782313549
4.720476378542214
4.868313056250954
5.099335471534221
5.272097994486061
5.281666287549969
5.130322994173406
4.899672531088176
4.725664337234647
4.714931792219419
4.872142705292314
5.103158854840967
5.272549736636902
5.282143362046879
5.123876749618082
4.896860450954987
4.726050519351731
4.719236483240132
4.87491986431973
5.103005494775315
5.269490808477205
5.283407390405322
5.125622447412169
4.89781559732235
4.727120162261451
4.720043235233828
4.870656313267611
5.105092011279089
5.272850518425301
5.282169447348604
5.129213489246089
4.897180482279282
4.731480064470244
4.717112774872182
4.875067044491468
5.103977674206692
5.272616183740613
5.280067704730099
5.1207042966558
4.894291704603407
4.726499740046773
4.716762868211106
4.874424949015725
5.103883768655461
5.268309467450131
5.279913651079347
5.121386534636784
4.891954070000411
4.724251389534667
4.721242293003904
4.874085045705243
5.107593878973393
5.275009177398868
5.279366923430024
5.120119945425632
4.893176747579981
4.726322779844112
4.71972802211558
4.876849056474412
5.104185077517305
5.273452336394112
5.28165882063541
5.120525090876026
4.891628744096435
4.725802923722104
4.71957772203084
4.876876781023445
5.108550161833252
5.276812848274779
5.281992139354824
5.123703844414397
4.893019143563735
4.723310274830395
4.72108229849703
4.878877830801219
5.107836061043938
5.273514568808038
5.279334365347509
5.119206891651321
4.889926190684133
4.726109760605893
4.721173289138084
4.880561245065167
5.111267761282535
5.273451912122587
5.276117969387917
5.117657530717088
4.883551974267066
4.726142079234733
4.718712642265666
4.875951554583088
5.106407044539929
5.274468797482732
5.282500046872991
5.120615201222858
4.890545349085331
4.724513804109299
4.721424942494713
4.882910254648258
5.112429436163668
5.276556321086642
5.279077171761545
5.116916369668368
4.890500126338369
4.724643399482908
4.720062976110367
4.882215073036421
5.113212338730438
5.27539571728685
5.279355073292494
5.118124265648352
4.885201098094612
4.724765977454475
4.721874504989573
4.88433702044049
5.110408785614398
5.277481748727634
5.276441385661016
5.118842706825011
4.887026156048066
4.725748858346977
4.722165722306762
4.882931526083572
5.115669681486806
5.273719503950089
5.274133467360434
5.115843882084169
4.883745413814992
4.725397194633198
4.722073214394502
4.888459104272731
5.116458445998122
5.274171695194215
5.278823275490315
5.112436203895142
4.885920520752074
4.723709578007891
4.721315342474807
4.888184100496023
5.11383974820849
5.27618591050133
5.275923938045312
5.11273471479295
4.881493751180952
4.725993421721969
4.728558213717543
4.889139194779953
5.114009208709726
5.278973851645786
5.276921409557484
5.111118970225997
4.88365326971676
4.722217655652615
4.725787414374262
4.889899595671095
5.117982919906577
5.278100722298811
5.275318613777927
5.114226041868282
4.881306354791857
4.724599713287803
4.727057851514142
4.881747607089065
5.116413315671579
5.280684937605593
5.273200762672175
5.108475255848372
4.884387839704925
4.723330258686466
4.724672060913428
4.890634243236688
5.121772815181434
5.28228587184235
5.274135009849872
5.110113951439943
4.879797434161123
4.722363451014742
4.731144627519967
4.888997594607827
5.11920824186864
5.281075976073302
5.277792740954741
5.110254083927293
4.880904038219199
4.721565841940959
4.728219668168783
4.893195992312843
5.119411894658387
5.279493323351112
5.275718886273723
5.105080771597574
4.876616276489846
4.718198451374188
4.722160895968042
4.890283773822332
5.123278669321524
5.277570336379964
5.272278569936272
5.104293555995103
4.877097650326438
4.717445354567196
4.726016874728127
4.893612259881418
5.120663965885418
5.277417173842585
5.272205840242648
5.107653810944894
4.879987197811372
4.721022460072011
4.725203378705452
4.894658658832955
5.125260320424796
5.280414122049897
5.276245661528105
5.107465354885864
4.874868918464257
4.715619635262471
4.724539237256081
4.8944046113958
5.125994792282147
5.280421027936012
5.273200324612842
5.102637991637475
4.874373102766889
4.718722184314747
4.72547831618258
4.895028323598266
5.127971302609648
5.281425879538102
5.27168526279023
5.103907519827455
4.876265845023763
4.717102475819575
4.727667030721804
4.894880543867645
5.129446914613014
5.282991654354205
5.275416646179904
5.104263602571011
4.871552931615949
4.717895772755674
4.731307933100773
4.897357238950974
5.126291781854289
5.285981868482178
5.273139427755346
5.104765872196313
4.867825152650106
4.716629276885048
4.73220670088913
4.898710600410125
5.132379916082291
5.282041749164097
5.274740820968635
5.101930015007552
4.871662954250961
4.714937376669555
4.732603824900865
4.897881210426195
5.128085952571559
5.280656050521364
5.270431604042402
5.097337971108554
4.867093842817499
4.717798250062192
4.729854000971727
4.904723891974522
5.128315240591597
5.284807810761651
5.27011869782979
5.102156196847041
4.8693917784824
4.718188662818278
4.731881247418216
4.900787725091413
5.131029304539194
5.288196662505854
5.275241793438898
5.101124482788906
4.872586089720278
4.720450994733929
4.735376955418209
4.906996425983693
5.139187048156444
5.289977169158929
5.275167708282522
5.105100721554511
4.878724221382487
4.729520983056553
4.74224832758061
4.916663268145262
5.147116750046572
5.304082537327096
5.288421231683914
5.114693958386345
4.890030855563932
4.743675250216705
4.761166028166731
4.937705653622612
5.168944691750119
5.326255465115711
5.320076525329726
5.150560897286781
4.922679373655247
4.779800577536259
4.803215150974027
4.987052223341557
5.224887728429514
5.380970203272994
5.375762419331952
5.214474591290972
4.994715248218775
4.850458903521142
4.881283667669898
5.065166077991975
5.304080795818427
5.463417326291262
5.452123942321565
5.28475481002407
5.064631456942007
4.911779924809457
4.928601020441835
5.097509846370502
5.312039755368414
5.449896288539797
5.419783221656844
5.220586181006864
4.964461206781025
4.790152359240297
4.780944395932306
4.922776702669668
5.115805095795893
5.236309037276155
5.187710986049309
4.979813501842242
4.729074165824583
4.560474259315908
4.557307258324101
4.726246002245563
4.946685407356318
5.087106949771585
5.070271868453839
4.893520472871545
4.67532497041031
4.528675458498044
4.555365248491523
4.740063380021427
4.981877683506672
5.137097861889332
5.130206251920063
4.963837793260264
4.743623274353945
4.605432200194945
4.638982457988426
4.823488270519733
5.060523173346374
5.215971699572719
5.200823162943224
5.035483200788609
4.805761440590683
4.664448359180842
4.693951063837061
4.871741681213114
5.109974078583405
5.258594743671836
5.237874244615976
5.065099775053983
4.840269785410118
4.699148215669258
4.719578045435216
4.899359084714046
5.127539055680199
5.275175583824503
5.252245744572208
5.07777711227306
4.851730223979962
4.70586894959708
4.728647240764365
4.905863655063884
5.136377079567578
5.285206654275623
5.261002056389689
5.082013464220662
4.856989293929804
4.703911971949197
4.736961912356696
4.909889411212174
5.141419811115727
5.283539448325294
5.260033849357677
5.084679993941432
4.858360210107625
4.709985996002519
4.733641149812364
4.913799113616031
5.139341377756072
5.287709403583656
5.264108427876143
5.083789162776426
4.856371936142618
4.710956902019853
4.736331493035771
4.916211361125576
5.144905871699599
5.28783549773408
5.262677377141797
5.0835831418563
4.857773978449097
4.711527269444095
4.736575353967081
4.915785770619996
5.146473084306433
5.287106975176533
5.263489230657106
5.079520549110574
4.855538545527406
4.715073411380608
4.739835356200738
4.917771799906056
5.147142221428509
5.289577345636745
5.261427397350893
5.082848014885809
4.854848024227858
4.710659481516542
4.740076697240899
4.917931997022884
5.146732937198205
5.292491336845331
5.263911968463147
5.084378957500946
4.856076657601261
4.712047702288162
4.740554176893469
4.91979757173508
5.149116818962004
5.290166212948739
5.261087546465005
5.078816596849931
4.851647702195875
4.71038849066982
4.737249880221713
4.920437452790338
5.150674585056714
5.287710896166515
5.26299360681729
5.079330708937746
4.852645395294851
4.708876838607241
4.735990071309633
4.923953957568973
5.149524395493073
5.286454557436052
5.261788210436104
5.079759712839899
4.848395845301622
4.709668538144935
4.7386646332033
4.921900000315683
5.148340926212725
5.288598208044844
5.261335001691734
5.079402287198
4.853362611035197
4.709722938319007
4.742889282426464
4.920618668306241
5.152396507545129
5.290403525259891
5.262237297592413
5.074703407485515
4.850611844705865
4.711227463410508
4.739691604877252
4.924575466326264
5.149523611215455
5.288821011003122
5.259437453970649
5.078277945432697
4.84872067600053
4.710951513348764
4.742619121015415
4.925594256967995
5.151384783328377
5.288200855762509
5.25950988467985
5.076451332458052
4.844260911610652
4.711366186208031
4.740345692246514
4.923985793048453
5.150170657367696
5.290532745414464
5.253540923272191
5.07659370682311
4.849068833012561
4.71053374068133
4.743115229035239
4.924159215407384
5.154235249590103
5.291176334237832
5.259345298481788
5.07039418370339
4.846772035753212
4.709377297302143
4.740905975771776
4.929199792012501
5.15324261074929
5.291933782374152
5.255943857721932
5.072889186918979
4.844551136905062
4.70818623069351
4.741021179338991
4.926603751654078
5.155646679006898
5.290141049970505
5.259391697030621
5.069336968457208
4.846136858057216
4.708078748342165
4.744658594450727
4.933960301152546
5.15816887963216
5.289509500258103
5.25147225574138
5.070205857931895
4.842582574135204
4.708326380976253
4.747111922204019
4.928948952523888
5.161350951492111
5.291998470402897
5.252121273900355
5.069720843983608
4.843212806779547
4.707904199088569
4.745273533589213
4.932024097150357
5.156372895234004
5.293441814427581
5.25112868456551
5.069360828284355
4.839101665852097
4.710316795729804
4.744950587613307
4.932177049407963
5.157807502458528
5.290545799442992
5.254045682385065
5.068717057457675
4.840574323764317
4.706888947393264
4.744442715961818
4.932880713663317
5.161522292535857
5.293489768115038
5.255675867682903
5.06424840276904
4.841003861243787
4.706033749481669
4.745124302740928
4.940114688721003
5.158433128895558
5.290808085359153
5.253778706387104
5.068058454426656
4.837261890946007
4.704576556049731
4.747384937292985
4.934985626643523
5.159367006580512
5.296480646034718
5.249246525200035
5.062903591809061
4.838766875693004
4.706627190950848
4.745282285586322
4.936391281290179
5.159545955634057
5.29427960024964
5.252898808277972
5.069451090952557
4.839062488487448
4.708517765417932
4.749341863185776
4.936717609950157
5.161715231093613
5.292606959202235
5.249185351640631
5.064788358336425
4.836677416021812
4.70503330810002
4.748010197163388
4.936786931409713
5.161363143555071
5.298264026092994
5.255033218289045
5.062952965094151
4.833945123033278
4.703198206291946
4.748225517323734
4.939841015210802
5.164236083578179
5.293635319001066
5.25157704663379
5.062575758040176
4.834484484144503
4.706619484345989
4.750603453266709
4.939061371035227
5.164880246506589
5.293448807969493
5.247119703423999
5.060143615285662
4.835304897687266
4.707155187013274
4.745005790642043
4.937026016805866
5.161288725938345
5.296775629131353
5.250889874551101
5.063645689819639
4.834555586109961
4.705773893664162
4.747133045618705
4.941052411069057
5.168154191546228
5.295549470513095
5.24980897312103
5.05561883200835
4.831836037537099
4.703560863376747
4.752353906271758
4.94153823596543
5.167443821359272
5.295434926812849
5.246742545262585
5.059015206800437
4.834516757809212
4.709111279789627
4.751549853656213
4.942862658953242
5.167438404633073
5.294893515498878
5.251221193937058
5.059265740063614
4.832248832649277
4.703780546270773
4.754262447087954
4.943418182874045
5.168703850292209
5.298778400266943
5.245588891678046
5.053663985005782
4.831697911992417
4.703416240900554
4.753268861853088
4.942578995720455
5.170046853910154
5.291212664848926
5.246540482746703
5.0574437677367
4.828074585243994
4.705129689720259
4.751556545434715
4.943749662472755
5.171020095482303
5.29695599869093
5.247329224848211
5.051267203353365
4.829889141084709
4.702378228541607
4.751852314078613
4.946652767183072
5.170423968986301
5.292688580897792
5.24761956590439
5.050440976850705
4.831284183579859
4.705327578991332
4.754060134408911
4.947878151838862
5.170526013464158
5.29541534164589
5.243780427145096
5.05358742014836
4.827933081428573
4.704389814630952
4.757363539335595
4.945624685009011
5.17539463487021
5.295513848303354
5.24468782757702
5.049825672067629
4.831297522944125
4.709233920423859
4.754077598429293
4.951535211550926
5.171865267468947
5.296792514255596
5.246944274395244
5.043403573028808
4.820969808143203
4.705704345211593
4.756436937072388
4.948873893893986
5.175578343011133
5.292284545826062
5.24098876056964
5.047892087696124
4.826307824845744
4.705359572354821
4.755617112507621
4.952154619552712
5.17428335175104
5.294917327365912
5.242876895558863
5.047513246736192
4.829032192155226
4.70220050905414
4.757336038906997
4.950662948271954
5.17222782206228
5.29467120408493
5.246112836036681
5.048791424748816
4.82443639222049
4.700541525310955
4.756947748727907
4.953095539724908
5.174865320285006
5.299397452554509
5.242844641970855
5.04683976272542
4.824301191884254
4.699120454239461
4.756428224901526
4.952867595347263
5.17465089885765
5.299216515533078
5.241045735858576
5.042031049082515
4.821115603537271
4.703601337112767
4.757361503701691
4.954792234285025
5.179418672114529
5.295887288966956
5.243376835245407
5.046057307689135
4.824520804891668
4.704993281552959
4.757249966903784
4.959989933494049
5.179417737641753
5.295978532906932
5.238379997645357
5.043100508979962
4.824501041628345
4.701161368089757
4.757841077292245
4.957054083768423
5.175487456700515
5.295261631478226
5.240604155747324
5.040901510976079
4.822011490880292
4.702520537714046
4.759096191260117
4.95540600212338
5.180785615971042
5.295784110359385
5.242680934718668
5.039315871517061
4.81839089509676
4.703696603073213
4.758666271708614
4.958826672029167
5.183577776476432
5.299168780144896
5.237777391375806
5.041514893351551
4.81663223282694
4.705092883243594
4.763851525758806
4.958268985105714
5.181784538940457
5.298891286287549
5.239677489987825
5.040775516477298
4.819118083238435
4.704194484206166
4.760064334056767
4.958627960308494
5.182744515356955
5.296500521168086
5.240396184972907
5.03852631537969
4.817856183902594
4.703837571788188
4.762821003815946
4.958816435639831
5.184346294344813
5.29977863133882
5.237934809153868
5.036311683004522
4.818008705798701
4.701394995379755
4.763313292923469
4.960698403199745
5.184977856986144
5.298340805284644
5.235794200797272
5.035209382421097
4.815158407952143
4.702095796192096
4.764222786935706
4.96069673936951
5.184696158629001
5.298803127999489
5.237151026472459
5.034785401743738
4.81701070960187
4.701996220590043
4.764470945445084
4.962667370209259
5.183857617412654
5.296712422049419
5.232715304094749
5.03417367319426
4.817953975101873
4.698355452462163
4.763567814863559
4.963860755558799
5.186843402435203
5.295318494059874
5.236535656900574
5.034383663322012
4.812755063557045
4.703975850043908
4.767332001735189
4.969360835288435
5.185706926475536
5.298802153067306
5.232319310090911
5.033244013045585
4.809104030894445
4.702120479557102
4.765430753344191
4.970165054851376
5.183962489410011
5.298260328710959
5.236002356273906
5.033195738630406
4.812071286600242
4.701416440242425
4.765820886619138
4.967662420590352
5.187873744913879
5.299590544559726
5.231872332604722
5.031029396726393
4.812549573675476
4.704007234226523
4.76689630878408
4.966488456648342
5.18839342573118
5.297984582570415
5.234329910818381
5.031309579966913
4.810342594927927
4.699406149265703
4.768046582863658
4.969983161762683
5.192824696256486
5.298635863172435
5.236607875531811
5.026025110595943
4.81273666710309
4.701649482794519
4.768349216077593
4.970288657868509
5.193475965755568
5.300094123422023
5.232808683077114
5.026991640165567
4.806951215337864
4.700971958911726
4.768252332780435
4.975709609481682
5.190800900097375
5.298348677559713
5.232715710022892
5.02635727079066
4.805761701070774
4.698832811586892
4.768281687728408
4.971954556601928
5.194313164781423
5.301599431274122
5.230198489051474
5.028120431255253
4.805042694930534
4.701123365829938
4.773009384132511
4.972343868464939
5.190150278404122
5.303797315193385
5.228812750405321
5.023509115430252
4.806166822944766
4.702007974339318
4.771828681778452
4.975189194421676
5.192824745648227
5.299247251409008
5.229449131618575
5.025593411710775
4.805071769082061
4.699824100864451
4.771070616061809
4.973718832556476
5.197690375470117
5.297514284993063
5.226587900976941
5.024835435345126
4.803746092074914
4.70310317574275
4.771042661712228
4.974715766237479
5.193991588086019
5.295147499933202
5.230000280310088
5.024312886238363
4.805266944141779
4.699529864076993
4.775187039174739
4.978523544565876
5.194007223952894
5.303407844424092
5.227011459746508
5.022313443426694
4.802480370668888
4.701968996820273
4.770699719096469
4.974252646290863
5.195716136380097
5.300936973775372
5.227135837545678
5.021548787066209
4.802595109655414
4.699282117815341
4.774345249498113
4.978691074207724
5.192703643065583
5.298706374713059
5.225817029143137
5.02189877842939
4.800919398638404
4.699346804669075
4.777547166404174
4.981572163922165
5.195563457669755
5.298613920792786
5.225298922911747
5.019228391030098
4.801508497164453
4.702876715596419
4.773994674023891
4.982673582327187
5.198938195700386
5.302211596871846
5.225314800660342
5.021073169520808
4.800785212621452
4.702815703731005
4.775260413215887
4.978479667295946
5.199791340083937
5.300903684789763
5.22469803654928
5.016319274173369
4.798720757245069
4.702626681153705
4.778693702517986
4.984067389386724
5.201959609372024
5.294988615191452
5.223350446006318
5.017461926351013
4.800158272983626
4.703548178599869
4.776222964918206
4.983732033051838
5.199365201862148
5.302236217493999
5.222978720170238
5.013324112232627
4.802721175480257
4.697944220465067
4.778093467258063
4.986168135905783
5.200877681181548
5.300341136353341
5.221419139938772
5.012691000751182
4.798994793479091
4.701686847531375
4.780396843243532
4.989448645763295
5.200905101706038
5.300850388211915
5.222107700618129
5.011801494169074
4.795804654390769
4.699554293867534
4.778676076523229
4.989536590253564
5.201466987044742
5.301276575293471
5.218672712915057
5.012608941205364
4.795112869509755
4.695327694850371
4.779793128641304
4.985567528061798
5.203747326513545
5.299770857835136
5.219991223852595
5.014799598446029
4.79630446143957
4.702197647942798
4.775470097092248
4.987318163070489
5.199410833153443
5.302405285901602
5.220066024503251
5.008837641180923
4.799594935866441
4.697975708962314
4.783576454086911
4.992000455234429
5.204469533721872
5.301491175155564
5.222361153813254
5.010839881932806
4.797444815164662
4.695405008309474
4.78074470240613
4.989948013357831
5.203445641204087
5.301188360141973
5.21252137897127
5.006418532086823
4.794851006055458
4.700130938905047
4.782332912807505
4.991274873701521
5.204955852924062
5.303552793861328
5.216027919303702
5.007497963847803
4.797863032136007
4.699150491203445
4.78334576155247
4.991079709845144
5.20430849787629
5.300646978990655
5.216807153576496
5.008197863871358
4.790620356353054
4.700539836706237
4.781733167562678
4.990325143479369
5.201163993413296
5.301396759718417
5.215795291042526
5.007918739129292
4.79412579671056
4.702677014728422
4.78362125608828
4.994643968081476
5.213134210167683
5.300670045244168
5.214905593794422
5.006165229914348
4.791489800958525
4.701076506393746
4.784855709632481
4.991978853235238
5.209029039333434
5.30061817314241
5.217479822777043
5.006145082197975
4.794847957964165
4.700995254875194
4.78661437867943
4.992066371913953
5.211493899549363
5.300706680685029
5.212917420005811
5.001282509143746
4.791332139903669
4.700328451854105
4.783408772575493
4.99570572514031
5.209478597446135
5.301417428518768
5.213016597653322
5.005806125303454
4.786317797495579
4.701786427779436
4.787313259117307
5.002953836292638
5.210480522631615
5.299500085774556
5.214305415357545
5.006655551507715
4.785901188968806
4.699577363444758
4.786858534627247
4.998891066077172
5.2079152335114
5.297703269984867
5.212434970450544
5.002339235797837
4.790317417949071
4.701246492494881
4.78814819162857
5.001513632156204
