5.001486379961024
5.034177571252588
5.050596957975062
5.031978235528237
4.997941495498008
4.962690396547319
4.948234778780564
4.963684284446941
4.999855854778162
5.034567820966567
5.049879830655265
5.031367556856506
5.001651307236134
4.964280083489255
4.951044224038954
4.962127175984667
5.000323799736943
5.035872370897008
5.052121464602756
5.034262746613625
4.998445596256578
4.964330206417239
4.950928446998351
4.963829968626317
5.00391863915346
5.038427419231465
5.047183139360882
5.033651555785541
5.000771702197445
4.96079071522361
4.94923525492478
4.966904433851653
5.000742235397156
5.037055688843343
5.050705100830139
5.03512282646206
5.000996028304523
4.964328798441958
4.950922177780236
4.966983899308769
4.999247271486641
5.03874375709102
5.049358030297116
5.035313944924115
5.002672327634239
4.964330937656288
4.95202816376702
4.967355277221838
5.002739314448731
5.034478777692158
5.048513396661506
5.033595246785571
4.999200939044389
4.964276245212675
4.952187636262957
4.965283546495749
4.999599738590573
5.039963724393344
5.048361193779569
5.030656591357118
4.997446770789942
4.963060842541212
4.949418918361324
4.961005511740824
5.000138221954543
5.035562012720353
5.047328813918026
5.035540142157178
4.999771968042715
4.966364520215116
4.94895072410004
4.963809924882769
5.00123461177435
5.035967483379312
5.050778245426112
5.034181580511971
5.00138664944373
4.964907572888221
4.952079286949001
4.966269909342123
4.999132551522083
5.038809966579072
5.050299519692623
5.033627238988585
4.998941286359154
4.96102410023016
4.950978336334481
4.967270848462564
4.999491053825877
5.035108256114923
5.047736565162499
5.035645356050349
5.002223171700486
4.961978651461482
4.945428199677389
4.965289357579366
5.001961894320538
5.035966579318711
5.053003257711022
5.035026281150732
4.996685415383059
4.962793947536432
4.949904019811579
4.967838868092419
5.000041100522026
5.03636516929769
5.049702252655146
5.033470709791191
4.995636082457874
4.966257526407247
4.95269514715791
4.966648150871781
5.006026867677549
5.03823135895432
5.049579521963468
5.032406283611924
4.997067005787767
4.960304648116905
4.948001986206097
4.964663405035767
5.002969212632337
5.036822532498089
5.049959188274754
5.033927550513888
4.996458316912886
4.95990907414378
4.950493506818074
4.966427116708138
5.004722681677334
5.03673626896232
5.049192062633263
5.034748719347467
4.995508288198682
4.961029970970781
4.945242455139654
4.968377829561279
5.003127282377109
5.037057505937303
5.049870649208648
5.036126387843062
4.99832927261897
4.964383182510506
4.955534690468883
4.964801091458376
5.002795666569495
5.033049606147487
5.047591116362801
5.030702125298071
4.994798030869661
4.96430965278106
4.95298628356655
4.968739404895165
5.003852697675055
5.038606016091216
5.050799699464948
5.031918460932602
4.991709511674906
4.963260078845088
4.952833151203118
4.969481332357229
5.000475381481649
5.035064673077583
5.045121531545688
5.029748028204466
4.997249797897237
4.960881167172218
4.954644682687314
4.968341503923661
5.004196581267685
5.038564267213517
5.049836415251063
5.032165125371385
4.991011853321522
4.961518742391732
4.951886130772773
4.965736205449966
5.003892506970414
5.037943117816827
5.050832734221955
5.031691160103254
4.995576155053721
4.964733234663192
4.95320630755037
4.966204812134524
5.002095799691891
5.039403891704973
5.049560797780367
5.030241978799733
4.995465749131112
4.95642235265153
4.951268070517556
4.971484671492856
5.005184659602963
5.03656103036573
5.04853765725623
5.034198172829916
4.995392960201399
4.959785316722598
4.949662311453819
4.965985738106871
5.004444164588876
5.039581961800168
5.050665621592652
5.035572027710192
4.993121037792174
4.964398289842522
4.952068321708934
4.965028985639205
5.00421880133354
5.038116622489607
5.049930543324218
5.032449493723795
4.999927508874593
4.964248667183696
4.951341203033209
4.96611736910345
5.002095563226855
5.038484241022455
5.048108224313804
5.036206088261247
4.995447148881031
4.961615342078145
4.951932114273655
4.9687887719608
5.005367718570119
5.038618915577469
5.048679946901777
5.032037961905927
4.993688092023225
4.961017436747764
4.947830874240457
4.965642881331182
5.003697432560518
5.040091677103893
5.048893235338214
5.03201826719506
4.99487718445822
4.962190269361998
4.9480265619085
4.968602870606206
5.003487866366372
5.038450329809658
5.050615192223752
5.028412050055458
4.994499213212329
4.962389393585643
4.950605094596607
4.966958610050154
5.008916506293677
5.035710534339249
5.049259103195675
5.03432172773295
4.995337578809028
4.963722914613208
4.95126467815809
4.970976767769583
5.004367822822807
5.039921324430892
5.048621285470852
5.030575671201639
4.993722900546825
4.960969508111855
4.952341730210995
4.969390272262896
5.003781707600097
5.04033584214798
5.051260345587438
5.032487441381398
4.994882764156004
4.960382189129382
4.950596700447286
4.972399049564599
5.004045036902784
5.039597313523284
5.049661235980722
5.032564356812013
4.99303013379912
4.960285171410327
4.948289653955893
4.968710089537969
5.008178645735615
5.038119144084563
5.048241492742801
5.033089802646493
4.993676292350645
4.96083802055455
4.95296522689619
4.969553180103932
5.0067585509522
5.042727959545916
5.050092368032967
5.030301502433705
4.990700939529475
4.964106076360442
4.949979589513944
4.96722453113586
5.006097970493806
5.036304905565624
5.051842131232762
5.032622820521416
4.997072544514322
4.966782997789272
4.944385962050055
4.965842920965298
5.008005352973957
5.040187445030705
5.051341501146227
5.029423134176747
4.994594364995032
4.960944073690612
4.94482975926037
4.967154510549715
5.004031502548774
5.040727802904668
5.051437500975251
5.030259020957828
4.993352334446974
4.961590589599534
4.951904770909081
4.963772214725391
5.007215043825506
5.037353531666959
5.051910724808535
5.03052546998853
4.991007223396843
4.960873741000555
4.951133941984224
4.967046396497052
5.003555075971294
5.035045784316296
5.049261495438997
5.030010798491834
4.988988030276589
4.958058612440894
4.948983862776114
4.97010533031272
5.003367224202332
5.038223975549714
5.045062391900326
5.026393972025656
4.99092415469417
4.956378270132729
4.946033344429868
4.964918089861848
4.99701535441664
5.034124741805464
5.038847116805598
5.018559529604409
4.984376149147808
4.946745726994519
4.939139267507046
4.956168903833417
4.989992636537615
5.018632134472678
5.028642910490522
5.003501806509666
4.961791280782127
4.926581884003032
4.910473367949282
4.926577453995942
4.958296265111688
4.989552198131824
4.989591446826009
4.960713493743283
4.916458831911857
4.874638263287501
4.853805152088754
4.860404719040035
4.884211849365206
4.903516048459661
4.896347834759262
4.854229467998792
4.801214202801503
4.744923457350656
4.713723302190114
4.704723196144718
4.712044952849679
4.716817649562362
4.695185218328344
4.637936928336132
4.566833145330767
4.496835302945348
4.449728853258462
4.436504108906487
4.436952522855448
4.438792334734909
4.416092878935327
4.372655897284511
4.323761344269696
4.282958438073453
4.278926355662846
4.312089591757843
4.378485962260219
4.448346829943564
4.510658736382542
4.561286199358462
4.608161304480053
4.664546030536174
4.757636781866737
4.882729536959755
5.029803672110229
5.173050171105067
5.283608578089463
5.361074767361385
5.413065817604464
5.452011513839093
5.514252511343222
5.578336304885578
5.649663199967209
5.706295349313585
5.727349422555227
5.703883115079858
5.654192605035158
5.601694709177141
5.566510025011915
5.558690036881578
5.564409754031311
5.56176858059131
5.534186320364522
5.47475810188132
5.401898635434021
5.334464604674159
5.292786500071172
5.280458680311675
5.292548538260823
5.29543637975882
5.278920179288405
5.234796049055908
5.17376710651643
5.128329173261978
5.096225509699146
5.102284067758446
5.12756848303685
5.147411292715441
5.139858350708781
5.113126113781662
5.066625224991789
5.024320816234282
5.007620246207598
5.023269432671973
5.052580334020766
5.080208356279551
5.082772407477416
5.061245710856848
5.016224017533619
4.985578581562477
4.973921871352527
4.989801692794419
5.027088301666307
5.056500787902982
5.062044315035887
5.040848506349549
5.002752035368261
4.970498126146889
4.957490923839398
4.980851549697682
5.015559158000706
5.046622779112037
5.057950453484893
5.030902360969852
4.992440489704485
4.965237299450289
4.953607148947288
4.976788946465335
5.015057893266301
5.046618066384415
5.048830959893347
5.031128708800009
4.990195570801684
4.96265180980253
4.952145446328469
4.973121892856704
5.0112222887552
5.04240554299978
5.047935354154427
5.023210530815939
4.993345206205329
4.957833025096736
4.950128943676834
4.973002645101632
5.007771898777374
5.043164170311944
5.051686954192154
5.030278632095786
4.98680122782674
4.96210000935769
4.947806709901967
4.97184618718373
5.009710575009506
5.040470438308277
5.0501994845297
5.022348756168862
4.989515129029296
4.96099221364269
4.952849363382698
4.967000089858716
5.010463421173964
5.044774912889229
5.046551057826419
5.025990751721036
4.986138106250461
4.957597429239114
4.949835199508001
4.973626999911028
5.009008594500566
5.04195787853791
5.046416074333063
5.025583125404029
4.990776740797657
4.956255692538234
4.950628523156453
4.971127180600477
5.00633382850802
5.041716086650266
5.051234967989185
5.028498659710862
4.990047979691042
4.957297941647275
4.951341624387616
4.970487764056228
5.009963707859977
5.039492991362916
5.049156701115316
5.029196508092845
4.994125878875721
4.957178798416757
4.952058218022145
4.973689251092099
5.011099294964418
5.043258283101976
5.049953514326132
5.030345345363185
4.990937354757875
4.958140329472794
4.949683416701228
4.97207644298171
5.010411061057656
5.04222119528518
5.050189937138058
5.027310503003006
4.989787456989598
4.954566110773096
4.949988676812916
4.974499789575831
5.011840255825846
5.040354983704972
5.054245286767348
5.027727845896328
4.987971839156502
4.954710919149949
4.955212133702654
4.97107229255655
5.010557042906294
5.042569899243964
5.049151669913095
5.028689035822229
4.986829547473985
4.961352185806327
4.949145956991303
4.976399237662764
5.007639806918543
5.041369624938417
5.043722963254885
5.028879093738257
4.983688326465656
4.958266192653152
4.949914927773803
4.970260479768762
5.008383436503306
5.043104883890382
5.047866323999489
5.030673895527054
4.988073889194274
4.95901278099146
4.951286073295468
4.972972501044706
5.011878345940915
5.040746562367204
5.046727047234061
5.024441375361106
4.990425245838679
4.96075867661246
4.951822349519552
4.973610328386309
5.011267155769787
5.03780461443897
5.049810391546648
5.02871057550272
4.988276149637756
4.960414968543504
4.950582728539692
4.972437246041366
5.012814540988504
5.044430714062363
5.045090380854353
5.026067142568372
4.989074367995668
4.956590158818394
4.953229085354798
4.974297560041735
5.012491344063396
5.041743536168748
5.044165792724683
5.024821054539084
4.987244061569945
4.95718275041536
4.949927291961696
4.972775917045472
5.014464256530122
5.044425509756133
5.050288716936206
5.029706867305914
4.990698328894156
4.957687658874747
4.953921348297023
4.975175446655586
5.012104159966468
5.045403000476498
5.045500153415611
5.025839534984708
4.988837861833074
4.956872217006196
4.953365344916079
4.972591302145513
5.010215671951579
5.042406704543207
5.047130792415071
5.024680151896917
4.986942996956542
4.954272067536243
4.950557261017177
4.973704997441111
5.008989614940592
5.04379445961325
5.041633273548901
5.026129648871358
4.992948466440115
4.956651254276002
4.954922941260152
4.979472930876629
5.014331883024695
5.044962020845249
5.047164853853488
5.022772432994374
4.987100820094788
4.956912899924738
4.950129425530809
4.973705621825511
5.013578698464889
5.035482123576294
5.050649493936678
5.024196081471626
4.988755610011089
4.956038086598187
4.953531603708234
4.972504735417429
5.011836786682497
5.04522493504261
5.049257798729903
5.026049701203949
4.985457331032038
4.953006765410553
4.953209767859006
4.9768105648328
5.010836747510065
5.04534548928307
5.048222591507318
5.023053487613479
4.985922007824968
4.958506353736013
4.948916508625659
4.972085056555994
5.012975202063395
5.04218720905656
5.047580697658542
5.025220395221011
4.987104822004318
4.956277449532019
4.952813032207271
4.979539640597966
5.014332107917499
5.04480670850208
5.044476301233463
5.024117107208462
4.987326631925945
4.954851812159592
4.949650605592927
4.974835078536913
5.014471088138887
5.043485468524209
5.047771233521255
5.02676397041861
4.984864967770414
4.955964725909171
4.952607183672445
4.975374453114894
5.01413253196882
5.042116149541593
5.044230122399355
5.02483026052314
4.989788374804314
4.955807781903933
4.953924183755005
4.977800563624805
5.010706628746744
5.044013176933554
5.045422159299098
5.025495043887399
4.987405171725712
4.951325464596997
4.952024779430914
4.978899610283325
5.017809531355801
5.044659137033697
5.047410419118203
5.022115636168857
4.983852813458144
4.958006026248891
4.946640900282187
4.975653028101632
5.014118884084132
5.040477665935381
5.044725947920566
5.027477119150247
4.983254087031482
4.956322842425825
4.953630389581694
4.9705894328841
5.014103578324945
5.042725566400758
5.04810521643637
5.026374055165577
4.986502819666328
4.958825766318102
4.951320598954785
4.975509846630582
5.016865640728795
5.050499908803424
5.048231894290653
5.024768925092411
4.986862286320343
4.956194172908435
4.9519747195366
4.976868256244435
5.016183655574498
5.043606228741609
5.046605530408441
5.025224015645426
4.986995244718199
4.954523370697362
4.95244500470014
4.975557451187287
5.017638185107955
5.043540714503538
5.050609880792466
5.023492891116247
4.98418839125713
4.95373809341995
4.953075064811116
4.982366247688451
5.014498893123243
5.04539829260492
5.049472893629911
5.021172133163139
4.984135271141971
4.955648546318521
4.952374224917609
4.979507059838728
5.014815060253208
5.04298923256538
5.046439720072079
5.024288494104447
4.984224546308186
4.958557323586417
4.951903855554804
4.978299240571099
5.01590671286131
5.044359094550989
5.047510836512318
5.022077583984821
4.98574543926824
4.955540738014065
4.949856230805567
4.979727757458926
5.01475784621368
5.047105178896865
5.046196304246236
5.024718842321006
4.986553034386302
4.952165155423254
4.949720390634645
4.979473093877942
5.012806267644142
5.044708262631047
5.048721224093772
5.022335755914407
4.982196669374448
4.955116346858894
4.953250148538237
4.974237609041576
5.018168411725446
5.042323752405346
5.047934012257432
5.021600712093981
4.985759688474023
4.952234638218093
4.954007382595592
4.974395029369536
5.014798218935778
5.04457907030088
5.04632459254247
5.022194100157586
4.985813106164742
4.95551513848759
4.953189404081427
4.976110866391342
5.019899004947562
5.048873156008086
5.044916265125287
5.025893295417986
4.984278186668618
4.952770691962299
4.953258843821153
4.975655900598487
5.016283989089835
5.044942053937059
5.042876385110799
5.029039881528643
4.985659145543691
4.954951511360871
4.952152655392833
4.978525527159234
5.013305481346398
5.045567864165477
5.046025877534067
5.023078773714079
4.986993328105742
4.953522621116518
4.953310748267596
4.979043727594037
5.015362744686416
5.042521358382491
5.047452457575759
5.020157257801842
4.985815895902216
4.953985460670916
4.950812994250578
4.976753528940596
5.017978691559055
5.045751022705801
5.05034202078421
5.019424907558949
4.983802068924397
4.953297865396131
4.954128323939562
4.976616673322347
5.014217068656866
5.046861333357054
5.048931574726018
5.020903780803
4.981239261758061
4.952497987586102
4.954480439527154
4.974953703904385
5.019326599560848
5.044336793316833
5.049250166039124
5.022764796399879
4.986278729587858
4.958876112727027
4.952550977027175
4.979405534868008
5.01300428813618
5.045135007024773
5.047540276409978
5.021295679398732
4.980009496028434
4.955268150510231
4.949732083826865
4.983133544570211
5.016897883196707
5.04540586502353
5.046099070120846
5.019778003539757
4.978914009652206
4.952885756141935
4.954058018194296
4.979990927692072
5.012949094130281
5.047674761893327
5.047438393101503
5.019901136659939
4.984758730917894
4.954272554951171
4.953755527801531
4.979846635906691
5.014386360439437
5.046489491905697
5.046369534082333
5.022271527101529
4.981321512122789
4.952455643636175
4.951606738265786
4.977443208335834
5.018327224874388
5.04555997657542
5.045353559766665
5.02278882335533
4.978346664907015
4.954427847500401
4.954112304459452
4.978664500118299
5.015812260474969
5.043710571564993
5.044555909003669
5.025572514290858
4.982923201840541
4.95775676597924
4.95162720633787
4.97815294130537
5.015816134958201
5.045323176894829
5.047498394238029
5.019290079860826
4.982323034992881
4.95486660294076
4.951948448857015
4.979557444771613
5.017116246685326
5.049543456341515
5.046677614444985
5.017423149440499
4.980761616849366
4.950260826808842
4.954046481220916
4.981087587487349
5.017799323128108
5.047663578172749
5.044139245882614
5.020633649242921
4.981128817056309
4.954870487021513
4.952523448041077
4.979265701944934
5.019359742642359
5.041176540897186
5.046382584666494
5.021923273014803
4.980495764044581
4.952000556298842
4.952025461297252
4.982417349369309
5.018818318693586
5.041591238123338
5.044710828274581
5.019571991141547
4.986739300886406
4.95297633540859
4.950158076357252
4.983512380853286
5.019385334901536
5.043388154118611
5.044798400813806
5.021682666217609
4.984260484579644
4.951345346316132
4.951612636505369
4.98087915393477
5.022059936807993
5.0466514703147
5.045578174110473
5.024209317504847
4.980760093260244
4.956436865164849
4.952323560795098
4.979652469625679
5.021550583886082
5.045955010903803
5.045432582896596
5.020955532944741
4.980688551065526
4.954664460504644
4.951725196507586
4.979425944346733
5.020072567163135
5.045310057293813
5.047707543533236
5.016205960871121
4.980742027627129
4.953019344196282
4.950687075185593
4.980051254706016
5.017279928907725
5.047527015932459
5.047190267079546
5.018819383462755
4.982215067782438
4.952148380458206
4.952351542960582
4.978831135962017
5.021909365221433
5.04598492162602
5.043655156207214
5.017086631753228
4.980638278853999
4.955287870979933
4.949410192657022
4.984084637544998
5.018700594754506
5.046061901216856
5.046767903741789
5.017734583306401
4.979617667229715
4.954976079393727
4.954687698064597
4.982864101962033
5.017968291723609
5.046132643772481
5.045047469364387
5.01681217108396
4.978599238663777
4.952587382804187
4.956000364904757
4.97770074080591
5.017453191241464
5.047131388686981
5.045275169739526
5.021668917873607
4.979353704857386
4.954115732822672
4.954211792516343
4.979940920988312
5.02113544572251
5.045495046660012
5.044978071062832
5.019178169204446
4.981281361672634
4.953125713539361
4.951226031094371
4.980442940530478
5.021757856919589
5.044015216075582
5.045748646576604
5.019428991560091
4.979524792760719
4.955779760206941
4.956325854240325
4.981568418227459
5.020702556145835
5.047489852334019
5.042341930403732
5.01540379000861
4.976471641300177
4.955884445672598
4.951301345578526
4.984016977685085
5.022965622801731
5.048130141831676
5.046293081303656
5.01500862130897
4.980106548199416
4.955082873441333
4.950476956524582
4.979721756007454
5.022143150574665
5.046139033242665
5.047327156358302
5.014681696074716
4.980487490760789
4.951392639233912
4.954712342051113
4.981276532804695
5.018055766742216
5.045208160067656
5.046774205833413
5.017067195026024
4.979695007142171
4.953530643830229
4.955874188918166
4.980960065195717
5.020506692578961
5.043297585859843
5.043561374540302
5.022851425623077
4.978736817501476
4.953451382309888
4.953026537388444
4.979960566124177
5.021259047817911
5.046313397282752
5.044494044312425
5.016277714099151
4.981903187429452
4.952306346449532
4.956551518816415
4.981075367558947
5.020920914891791
5.043089149641105
5.044693608814896
5.015357881872725
4.978472634068136
4.952009563731654
4.956579984908407
4.980511011628188
5.021572540830126
5.044258206868863
5.042330568678549
5.019938671571957
4.979135187531623
4.951943612284331
4.953282494042891
4.986221483704821
5.021333098816858
5.048583257148959
5.044709471425791
5.015122763814817
4.979918813991507
4.955245824163166
4.957999987425874
4.982884447558082
5.021696969895206
5.047568227643342
5.042392193121116
5.015839537398319
4.979787683047432
4.955358798477848
4.95386248790796
4.984165518574572
5.018747347823001
5.046185631175626
5.048415757839945
5.014368184400328
4.978317410123002
4.954442334373333
4.958175578204992
4.98412423880361
5.022315662783949
5.047176504193183
5.045983084659801
5.018799094438494
4.981813727702859
4.95616028279897
4.959799321759441
4.98656295354864
5.030307246256382
5.052975547448241
5.049191351843643
5.024062476896103
4.983514610009173
4.965604732234222
4.969965965975752
4.996640621672475
5.038110210256162
5.060647513010758
5.064438054791667
5.038479797129741
5.003073772076868
4.978531542633572
4.987202656404639
5.021222239975927
5.064008304177883
5.09516067093656
5.09853106181206
5.070336758044864
5.042675996620637
5.024043602770478
5.038185572782014
5.075694220321228
5.122759050305024
5.160067517636646
5.171640094486714
5.1598497487823
5.140025000353468
5.131304786723996
5.155329424215593
5.204572001276856
5.267475815305348
5.317442070319404
5.337727510724547
5.336724416431172
5.33167661114385
5.332441881778531
5.365877542131279
5.42224767634495
5.485826981584828
5.53989736742747
5.552647003453208
5.545704972811206
5.517392320195633
5.494383342849305
5.491621206684369
5.509841244832375
5.515074420055142
5.502781443363054
5.456271554536366
5.364566451443654
5.259056554797698
5.160211363797136
5.076814209146942
5.02276197449684
4.972975610602036
4.910080741989729
4.822583435361412
4.720219250158614
4.619419280490455
4.536856605270865
4.489978780750707
4.48421221349241
4.4972943168686
4.508849432813109
4.502600886704652
4.476935933889552
4.448558469266199
4.444594172689119
4.469936956367428
4.522982104566272
4.589090131427571
4.641677580409543
4.668381972862668
4.672717776049589
4.661535519378154
4.66061986698834
4.689806124532169
4.745858626982299
4.809661461451837
4.855095630691168
4.866532243576461
4.85748480453617
4.83405204262977
4.824488867410771
4.839496209707128
4.886757043516257
4.933786961207336
4.965445796786209
4.977016183389695
4.9494873826957
4.917798388906035
4.902208265138674
4.9115300344639
4.942631877875542
4.988921321226491
5.014890583842285
5.01845517894778
4.990920877833729
4.954311826667123
4.934939652378989
4.93800791610789
4.972747393404616
5.014618491285374
5.036352825653811
5.033705087099896
5.005898075127033
4.96658687307758
4.944735352305433
4.948822871329414
4.981916890503124
5.022014514460123
5.045015551561253
5.040273982629196
5.011979782074082
4.972324193773195
4.948536628252526
4.951841530719139
4.984634608146614
5.020660551602323
5.046629434552667
5.041169132438345
5.013168085449919
4.974541129761234
4.948934456051819
4.952055185580727
4.985426425786541
5.022026521788581
5.049923602587477
5.041623435388692
5.013246211053437
4.975497171119605
4.951515121085792
4.957119908911792
4.986668782678223
5.024215726950444
5.044133357508967
5.040685250141906
5.014731508949039
4.973941556942552
4.952664664260048
4.956690006657193
4.984763803325074
5.026051384714509
5.048146551238464
5.044969258676221
5.011346048974524
4.972706789238202
4.953542445248036
4.954608610280768
4.98741961319713
5.024217736865627
5.04916303707525
5.045569607618077
5.010594810286745
4.973452056512897
4.952565495772463
4.956949722653198
4.987635777851372
5.025364406074602
5.046087570916725
5.040619292404323
5.011247863043777
4.974795901008448
4.952430113386636
4.954748851896028
4.979843857411869
5.026461513086681
5.046776748595508
5.042428188518167
5.0120291630112
4.969592745271791
4.953153474870459
4.954204225391206
4.98819171735131
5.025606427777489
5.049709665722991
5.042925610379005
5.013076768674885
4.977292493159752
4.952690086847531
4.955481609785265
4.990689526074103
5.02472356368296
5.049566356776836
5.043755833179047
5.011796919904764
4.971704450745047
4.950299424666866
4.956827213604854
4.985254551524637
5.025227703688893
5.04457305467527
5.045286706451206
5.011439845343022
4.976765996869915
4.955353025084284
4.958045551658548
4.988507458848019
5.027468574284489
5.048112853480879
5.045481657975099
5.008038288444635
4.975550385066906
4.953059988330271
4.958048335504825
4.987713281221233
5.022597684961019
5.041920760114338
5.043540824706663
5.012013625357352
4.973412293868408
4.951413515239166
4.956020433561387
4.98746580724251
5.026854483752289
5.048805697683431
5.040301427562025
5.013338300827358
4.971501478252497
4.95144980462672
4.956724677814559
4.988199171118673
5.02947194768916
5.048395007856461
5.043053970050768
5.011875136360894
4.973243836270739
4.948890317764803
4.956821056607102
4.989481818433026
5.027736906837768
5.048074324834522
5.046456166359278
5.012563341770314
4.971711643521586
4.953858620487595
4.957547386990564
4.99105223721103
5.026128434863935
5.049283560784626
5.042406204010516
5.010854119847419
4.975323483920157
4.951337077961323
4.958424199323169
4.988951408184771
5.027523023090257
5.047077446213575
5.044269534183984
5.01033534083307
4.971060824760277
4.952565278893318
4.957498595563386
4.986004373391182
5.027936149243433
5.052515248577874
5.041524273515499
5.007807161625993
4.974695399725642
4.952467811528322
4.958174270929153
4.986156405613726
5.027096219973604
5.049405556866614
5.041472068333399
5.009693485569414
4.975140473578738
4.950866344083711
4.952667618199095
4.990665713132951
5.027648482919386
5.048002682192339
5.04006242152468
5.012370756934702
4.975196938537282
4.953360019236684
4.95328923397028
4.985781171015946
5.025341101517229
5.049219045120792
5.03871102080636
5.013691891160792
4.975866881972701
4.953297997062257
4.957969829567165
4.993661695823056
5.027218598159045
5.049173693731953
5.041514158989788
5.009625632016983
4.972498615306362
4.953469046946267
4.957786177598003
4.986793869410461
5.027373754553488
5.048785788111543
5.04376201528013
5.007660289904035
4.975469201419332
4.952265596411609
4.956771470295369
4.9880358997537
5.029284498985646
5.046978707994173
5.043002709899889
5.007015182351845
4.969700270053052
4.950176889719185
4.957858154315739
4.991222206413038
5.028025169846011
5.047976687436422
5.044330693904808
5.014961960363464
4.971326368641798
4.953540463604676
4.96106478726194
4.987701013317137
5.025642177988033
5.046827656125952
5.040871639502231
5.01016613085164
4.970325766581566
4.949569636540784
4.957446271580967
4.987491151666051
5.028883491824173
5.045860840173419
5.039710780521289
5.008725035431087
4.973336720298441
4.957552344931898
4.957712989483385
4.99108263230712
5.026880839206868
5.049556030223964
5.044092531827697
5.013173209062736
4.973431708557523
4.949654793369436
4.955739838240186
4.991391545920704
5.026831225635233
5.049136186546288
5.043200673088153
5.008113806812942
4.971389716161243
4.951508240266008
4.957065636306466
4.991339234646081
5.029709738697407
5.049208181632282
5.039513187353908
5.01025530053668
4.973995283876266
4.950178700323243
4.960889318420543
4.992505377802727
5.028124881477689
5.051290756537967
5.043270933008983
5.010149950317828
4.970750429768809
4.947700546409719
4.95581571067649
4.991717735586182
5.030617600222365
5.050836087293598
5.042755900906127
5.010862055293217
4.973814834595758
4.953687806629049
4.9566481084423
4.991660957320062
5.029035550443409
5.04682207153753
5.038459366775389
5.008271506504988
4.971385763692294
4.953528926827997
4.961042611288049
4.990027821336098
5.02633879505327
5.047812496455162
5.041373290394974
5.005529427109317
4.969901712453654
4.950562154431013
4.956772993179836
4.989185933546787
5.026821664161347
5.053544352972151
5.039514205545113
5.011233082780683
4.970018273298637
4.954749574806584
4.956006609111888
4.992109561757929
5.027809619504892
5.047153756606913
5.041229838572744
5.006363516455564
4.972568547648062
4.950864712339208
4.960045654850544
4.990689502426923
5.026523641782455
5.047038097842286
5.041075282085431
5.010153560786979
4.971176323094894
4.952006972529234
4.961855694513448
4.992855229672155
5.034026305250601
5.051722005462432
5.044056857272645
5.009346625556803
4.973666812479092
4.952174824139569
4.958933180356825
4.992391999865225
5.029380184818842
5.051811059905664
5.039949866849764
5.008109923223879
4.971449880419146
4.953226985602613
4.95650612368872
4.991809508715686
5.027490063736118
5.049354352935148
5.042752953456735
5.011273141689816
4.967360049507468
4.950404094697644
4.956833614781659
4.99542288272696
5.028776113314043
5.047279593704917
5.041406185568238
5.004730629287817
4.969707735078587
4.952154529221193
4.959192745895834
4.990907777982854
5.030879907180142
5.047851532420205
5.040220734097119
5.011677764074091
4.972020545823243
4.949583299760301
4.958045389197116
4.98956134721514
5.027414342419172
5.049913655161734
5.044205031496666
5.010413288026953
4.97107807404934
4.94895668810666
4.962544279949337
4.992485864159382
5.03147310726609
5.052569230319947
5.040084359040165
5.0098880071287
4.970324744178458
4.950192364317892
4.956140281119892
4.994354115822984
5.028782911810327
5.049703414920979
5.042308941965878
5.005836841726574
4.967126553442053
4.950395094314305
4.95645277731337
4.992997699564063
5.028169798009817
5.04796970313524
5.043201766415337
5.009101762849323
4.971799473844365
4.951288770041752
4.960211301085193
4.993511589171361
5.031335614191803
5.052438472166878
5.038345523404488
5.007439653398446
4.972600235715162
4.944292995025818
4.9603321709723
4.993230007381066
5.032498358949249
5.050286087763205
5.038137830586172
5.00604148331179
4.969295455113061
4.946996899726654
4.963995247720587
4.993552952134395
5.033138456488362
5.050449926233467
5.035472068026952
5.010873853630382
4.968493512266133
4.953449295633604
4.959727950509578
4.993067765413884
5.029095238068435
5.045853963246325
5.03489253886755
5.008167364052588
4.968359987732513
4.950876196156456
4.96342100250559
4.992855497419805
5.032064670308398
5.050517479463815
5.043182158184661
5.004332460712367
4.968043307061817
4.949244755105698
4.960452468653417
4.994288366656237
5.029391673909122
5.048385123057206
5.041759198403745
5.008590111205111
4.971871042760137
4.951695824045914
4.959025409077527
4.991844863098514
5.030863777665881
5.052698847057782
5.036456365082286
5.004705745627432
4.971510134111982
4.951428575387276
4.960790507921058
4.998738987556061
5.030145810479731
5.051699668219275
5.03648220160826
5.010589990229005
4.969420631017248
4.950147915952475
4.95748021147095
4.994879001875941
5.032166422513319
5.051272218611984
5.04011864993639
5.005769561172911
4.965709483364173
4.946033236201797
4.962758004442738
4.993106091148392
5.03044634652225
5.047929102400865
5.036953318580947
5.004891264212639
4.967870220160954
4.951472742084202
4.965841990527455
4.996386792216697
5.028582133507394
5.051489675849627
5.038681767491092
5.006876765359112
4.966180022630708
4.951927078557003
4.960777542320902
4.995407835038771
5.031238100420906
5.049782776820654
5.039278955659696
5.004457404636888
4.966687961093048
4.948114937651109
4.958009505674939
4.99569783025814
5.028866012684206
5.046517566869524
5.036950587768136
5.007798236864488
4.967375839847016
4.946373588807482
4.962793970637561
4.997563389870783
5.033703554240527
5.05613577681331
5.036160316658481
5.004242498005977
4.967939804232945
4.950977700629106
4.960630956957197
4.996711232772763
5.032872765004304
5.051697156677349
5.038515502855097
5.00283032417031
4.971186799621336
4.94975306992535
4.96050855546933
4.995565351760037
5.027302150000872
5.045714198518813
5.036424901049069
5.00683601909241
4.969346657223644
4.949280096141021
4.961691979562343
4.996575852951365
5.032326665642377
5.048422952483287
5.039367179068589
5.002977830636893
4.963354539172291
4.949094409096187
4.961880531378359
4.993081602172764
5.03478595649593
5.046663390672318
5.037072159437041
5.006656318750805
4.967776184014398
4.949171626720014
4.96017496680113
4.996895990605272
5.033491248967218
5.047405355527506
5.037578798364484
5.007706766115347
4.967422454617278
4.95135134496864
4.962949068166431
4.995231381844795
5.029966763854237
5.050342937517899
5.038523739634716
5.000381599808701
4.966496130004317
4.950215766937894
4.961511058758184
4.996744751491179
5.033140781007827
5.052681700341678
5.03929691722729
5.000680102924973
4.967715259718315
4.950573962962623
4.962394355408158
4.995088568772229
5.029577663036656
5.048776200881892
5.038054027022203
5.003561134842153
4.967875678308811
4.947781122225675
4.966052093172147
4.996474209142129
5.034762323512519
5.048780140362894
5.038872194809865
5.003584871823258
4.969209437805734
4.951162380838063
4.960603569689367
4.996067785465939
5.032428239539835
5.049206476651214
5.036459184960413
4.998836851789332
4.968525890959215
4.947883789974226
4.96126788589531
4.994070836191291
5.034626160217607
5.05019643690005
5.039037121279066
5.004029710031287
4.968465094481228
4.949427365214126
4.963197716061397
4.996611997935107
5.031134060845364
5.052764449576358
5.038222925888353
5.004363358329594
4.971015346590965
4.947352261080217
4.963118264741976
4.993195034066038
5.031306511359727
5.051354250981276
5.03797930647616
5.002889327904725
4.969468716939751
4.949356690996809
4.965105362159931
4.997460814517773
5.035223891387771
5.052546152395665
5.037111840493763
5.004270940820175
4.965352433359158
4.948940190995826
4.964395243707209
4.996900536025825
5.03379678591488
5.049869431600793
5.035499250034498
5.002264762369729
4.96901029824784
4.953018164985918
4.96189108146879
4.997378202599764
5.034472599593569
5.050579992062166
5.034364941750244
5.00363971318179
4.964209230908017
4.950827256269718
4.965709389871175
4.997689828300786
5.032888668188536
5.047700931935452
5.037654832255
5.005348110798501
4.963207726893796
4.950603683256853
4.961342541018087
4.997046712332222
5.032516102603593
5.051345313810748
5.036106680837139
5.005301249768051
4.96195589347492
4.951965807159862
4.965512442616793
4.997796495673598
5.02934798815073
5.049731533213091
5.03776738654577
5.004724831405075
4.962300234603563
4.953903366771981
4.965037744337311
5.001549976673267
5.034915764633289
5.052567559293374
5.034915905347046
5.003671276095386
4.964478381132658
4.946026942223747
4.965915167494242
4.997123720907682
5.033994761038692
5.045677113765452
5.035600454832346
5.000790283819793
4.963737458036223
4.950557127462426
4.964108960373185
4.997256902024897
5.034622804976591
5.052134000231002
5.034711986350642
5.0050546514201
4.966593098656652
4.951592825428993
4.963495068304656
4.995309098236304
5.031667685874921
5.047675044974206
5.033587201435876
5.002737674830782
4.968735625756947
4.950572386573003
4.960161699509694
5.00037433250816
5.034584413090477
5.046654880910316
5.037645865990735
5.002353207142489
4.966877994583394
4.947886599458485
4.965853548945308
4.99741038139184
5.034686351053198
5.05227902937421
5.038079413095487
5.002029492562052
4.965297749480894
4.947940498824122
4.963596833691519
4.998196515451983
5.03447655488631
5.049760852027228
5.036986772885043
5.001027477454
4.963013867077826
4.951847260560652
4.964338503469302
4.998118185133385
5.034602503283587
5.048284730776568
5.03892313858812
4.99926738803371
4.965265860861028
4.949442986984887
4.964623996278627
4.997637538967608
5.032559959633586
5.049098298729406
5.03566389706995
5.000506124082206
4.965199339851611
4.952085297316573
4.96502450083746
5.001437062969752
5.036848975854434
5.053713136723908
5.037411039040882
5.002769899580571
4.967440859795611
4.9516875122208
4.965606815893973
4.998464547780232
5.036661604952399
5.049124836852347
5.037308823207016
4.999901336577546
4.963290060163112
4.947471545291379
4.964044153532134
4.99809714672111
5.035128907670352
5.052582712726601
5.035728814298436
4.999496408124763
4.962730237210388
4.952627587792989
4.959368611077259
4.995632766677388
5.039988020576118
5.048338265523618
5.037733405640879
5.001572632549732
4.967250712771222
4.948702112583451
4.963507718731855
4.999078390284854
