5.001223841688891
5.034467455608619
5.051538663370671
5.035131753889252
5.000249277802492
4.96259433243078
4.951818791940786
4.962257378124056
5.001852375599078
5.032563531377121
5.049855425148253
5.033096594078913
5.000409845965602
4.964656947798076
4.952195133950684
4.964312895114998
4.998096436878035
5.033672608874057
5.051418639189797
5.036215209203784
4.998106003941313
4.963924060778318
4.950013356305466
4.964076849450406
5.001818280104376
5.036334579393647
5.049561229278161
5.036684617197942
4.997746587528107
4.962935514210974
4.952420461588723
4.966688967531481
4.999648406055734
5.037361481226651
5.049878664751883
5.035570117344765
5.002611298797274
4.963251051713685
4.949369041908565
4.963966970362403
5.001428367974389
5.037261675066521
5.049994042672433
5.035217167387278
5.000962276100167
4.961007678958967
4.950578290594652
4.965357057001606
4.999309986375017
5.036243623365868
5.050832952774911
5.03133766625423
4.999238412123053
4.961926404477292
4.951155217106257
4.968415258400386
5.004862235465914
5.038013652711011
5.048121632494644
5.034153741868588
4.998132288129292
4.960302074313319
4.947380153266566
4.965351619243616
5.00133626145779
5.032653315200009
5.05250546697438
5.037548268990768
5.000765063775882
4.966546726636716
4.953271401731533
4.963751234843332
4.998838726138932
5.037381699261691
5.050418913179311
5.034431665256382
5.001080047470914
4.963518659179192
4.94827254365972
4.965469594709638
4.997756994768057
5.035143419325657
5.051307266722977
5.033773736580095
4.997796954477105
4.961017775362407
4.946253629201882
4.962486745029491
5.002069304778231
5.034544008796201
5.050598231097633
5.03438056073473
4.996013411124641
4.96113808228382
4.95097694787705
4.967817538259543
5.00097123191747
5.037065844682753
5.049856169635683
5.035245162644893
5.000515561116712
4.962106543818832
4.951531226121968
4.967038192712705
5.00194389373985
5.036790569023236
5.050317503608126
5.034832632361666
5.002624916648929
4.9668110328454
4.949945855366647
4.966151033198248
5.001448364559234
5.033171362102909
5.053318628451613
5.031783916555328
4.999115321504529
4.961592604899617
4.947709432867357
4.960019933844251
5.003172143376164
5.035143289752765
5.051347990587725
5.031903715720122
4.996000827641502
4.961953245504276
4.949132210552258
4.970316436656461
4.997663976064175
5.035913228099345
5.053462080256635
5.036438778148133
4.995038700277227
4.961887418201576
4.945436710251387
4.966521382770829
5.002959436334153
5.038304650403425
5.052061633604739
5.031390880908886
5.000350924801527
4.961215577483089
4.948897225789615
4.972527762882926
5.002088949981472
5.03890322385797
5.048486251992926
5.029709900893286
5.000090809864997
4.963658678983426
4.946735486479419
4.968198386400426
5.004314272164541
5.036799921016914
5.047448446706517
5.032412448629764
5.001195357225466
4.960291979769652
4.94877607881678
4.966319448398334
5.004514609061725
5.039216452884559
5.050029851676714
5.03387413593232
4.994288983750597
4.963532781846197
4.94948911628375
4.971548047631335
5.002597034646997
5.039723899012435
5.04763814563697
5.033468678942596
4.995067170813652
4.962513589289353
4.949586421077968
4.970498094162125
5.004930824556538
5.039263790499307
5.049982593044398
5.031402798057134
4.997691047722504
4.959619118146993
4.949425572740402
4.972454360757085
5.000448960260919
5.035465954953026
5.052650374029573
5.032883500921979
4.997006035313965
4.96087763814629
4.949028795023946
4.96718348271418
5.005472482018844
5.040466703291649
5.055177936694687
5.032151078149217
4.996220481964855
4.960415305980972
4.951265204404097
4.968772393077447
5.002310741278991
5.037793061044848
5.049513592572334
5.030103498863707
4.992911675917235
4.962747463889988
4.950422474107395
4.968209844966305
5.004395746492617
5.037615033124174
5.053609032594427
5.031858527484721
4.998233270596971
4.964504894313009
4.948796680197823
4.967172620052934
5.003307264324068
5.038043871035081
5.05009812573356
5.032526310257757
4.993948354363574
4.9632089412017
4.947150771834785
4.971032983982257
5.004157691903917
5.041273615057461
5.047987913927114
5.035565958535856
4.99564772196626
4.959958457033079
4.951618910809755
4.967785575167533
5.007870632736311
5.041740474529484
5.048946840401658
5.031693868899002
4.993692707684754
4.957396580795135
4.947302296030376
4.966963173493212
5.002759882243536
5.040102111844293
5.049892618478824
5.031034893483864
4.994622615191765
4.963636904002966
4.950473256909214
4.969493237297701
5.004616653399299
5.03813875819634
5.04786980442448
5.029541202332085
4.993160489260956
4.959350444941973
4.952158251442762
4.965635774831034
5.002935817268832
5.03933286800557
5.045769693050069
5.030474771888816
4.996553744569168
4.963398438361081
4.949310449624707
4.970147564675152
5.002680483226936
5.037113557857869
5.052878508747761
5.032141663590067
4.996219364087654
4.963552855416822
4.953463078706746
4.967585829261405
5.005457304528226
5.03957837787351
5.048347065454946
5.029162438634168
4.99430052430151
4.960527464553078
4.948819303704982
4.967141755565178
5.00764452539934
5.03774784760043
5.046666018895519
5.028798944522984
4.996391259177473
4.959786383542323
4.950322714040682
4.967100167001538
5.004022018515825
5.038756544289616
5.050748507099748
5.030674795600777
4.991640193827419
4.963667077938779
4.950849878378021
4.967853270106992
5.005731335094045
5.039550788372908
5.048500085556515
5.030949929014943
4.994443863488689
4.962549005924944
4.954897793311009
4.970477567507104
5.006501523927882
5.040972669485061
5.051045324808706
5.030763930448229
4.99280660441248
4.963246071754246
4.949834291124811
4.970293320086721
5.004629526210625
5.036698882803186
5.049020090640966
5.031707387886554
4.998646399344296
4.961201907947572
4.949070960724891
4.966858973314437
5.004577157560542
5.038377364443579
5.050745097710284
5.032198559992216
4.995054208951834
4.960884697883606
4.949543303512591
4.96881246412304
5.00785968030833
5.040581960132596
5.049798366199792
5.031106827171578
4.994536974607548
4.960281483376383
4.948451852985166
4.972945788700465
5.00862178103245
5.03678175291363
5.05056632631097
5.026436900127312
4.992196726716556
4.959038936314116
4.950067894820426
4.967962624755
5.006001588955783
5.038383458752477
5.047083655398297
5.030360667691967
4.991049752910681
4.958883369867592
4.947315251841557
4.965807506337438
5.006937668777639
5.037282635430334
5.044703946983689
5.028054644322867
4.985556728633683
4.953170180420893
4.940390468197608
4.96518155958928
5.000836086985674
5.030660146626448
5.039111255961318
5.02172710514775
4.979639315696618
4.946575977529426
4.937926462130846
4.949465818018817
4.985591891029056
5.015937409364485
5.024304247655169
5.002669256896318
4.958399486995657
4.927742673438748
4.9113176633397
4.924482889821928
4.957762862320941
4.984132706393112
4.989141039011754
4.964084915456259
4.921300472410645
4.882092770547743
4.867588609152904
4.881678511981119
4.917304577754194
4.940898877387886
4.945611855736153
4.921779348432504
4.883329925613914
4.847006271773604
4.836568657193975
4.85891685988379
4.901562274050686
4.94375643406682
4.957693816705598
4.95094382422899
4.927499551434806
4.908425286964779
4.918793024097814
4.953007823907199
5.009698629865303
5.061172713364796
5.087899453984971
5.082969854974432
5.064371473264291
5.040607418104363
5.044558790151541
5.068689952670399
5.113476530900559
5.149872443554788
5.162793869801585
5.139439553589593
5.102326118757746
5.068451485239017
5.05705725652828
5.06677572324886
5.10106624835004
5.12836249496214
5.131913106687124
5.102059726228458
5.060953024746665
5.021895273646216
5.007208750947428
5.019446821347765
5.05436470206568
5.084071578844996
5.090562330568702
5.063785537558089
5.021046901624416
4.984587888997869
4.975070478812172
4.99114954725274
5.027660392984084
5.05774350523592
5.066963733119016
5.04106398098588
5.002291406243438
4.967906827263882
4.962528077276335
4.976181048004364
5.019211922678242
5.048437542394993
5.054601411802386
5.034815628098773
4.995697497053593
4.962445208413944
4.951349658353145
4.973031660942151
5.009334100290637
5.050930050728089
5.048404973521214
5.03106856281578
4.994221352117759
4.961962910127586
4.952111585896783
4.971997352419217
5.007472059016773
5.043743853852475
5.049625671998726
5.027501629092378
4.996974088469648
4.960534579707096
4.950270995137624
4.972557700663269
5.008139364042488
5.043006665340791
5.049195929440314
5.026285220397704
4.990305950054243
4.959879272934427
4.950824490779365
4.967754918269215
5.010321534641724
5.043446062644284
5.048051091099873
5.028012355082894
4.990826768777207
4.957970796037436
4.951101827468286
4.975674622174234
5.011499782728194
5.039242131770184
5.047309140668028
5.02961317678316
4.994006120932699
4.957467638594459
4.948499708224326
4.972532360906147
5.008487314385635
5.037503374509701
5.047331821595163
5.028687010134164
4.989491912374994
4.95776387828836
4.950643867798505
4.974730442305962
5.010814187726302
5.04030996865867
5.048872555556548
5.029309389687659
4.991766385659946
4.961431079374197
4.949098550759672
4.973804051111776
5.010024871027706
5.044233113139497
5.046909422660708
5.027203422520074
4.986318314629215
4.957750967394591
4.951509886840088
4.969123740120563
5.012164013790611
5.043437789713722
5.051178532846691
5.025721214620452
4.988375741066984
4.961126382068555
4.955187912036991
4.971105043118116
5.007578877803825
5.045096528711911
5.048207280901944
5.028481598420865
4.994194033862011
4.959039371136662
4.955315209721852
4.973109955225874
5.007550879439514
5.040381447518573
5.052874212485253
5.026821329557857
4.988995791647712
4.957912571836895
4.950202451104627
4.970539483650153
5.011487413551673
5.043141727310396
5.048717847412419
5.028810122599674
4.986937564185989
4.95981820710422
4.95192419025853
4.970113019764021
5.014520940061532
5.043091861413004
5.048766984584684
5.030253862206351
4.99266955762333
4.958200677799834
4.956269264603987
4.970850683448174
5.011431002733208
5.044429737549291
5.048176035953039
5.027282544355599
4.986812499655348
4.959451625053035
4.950069435630246
4.971481471761208
5.016210512841191
5.043509153952495
5.047267974812388
5.02818297332157
4.986907445125316
4.958487404203967
4.950386049292043
4.971968557290712
5.011640527509546
5.044782610130757
5.049077534386999
5.027594111351906
4.992405798587278
4.953672149770791
4.948937963175175
4.972644577499937
5.011259516241899
5.040485033244276
5.048151991467806
5.02928685414418
4.988488196916658
4.960178484410434
4.950183863463193
4.972316762050954
5.01334119793936
5.041756774852629
5.047454411833024
5.027292542911054
4.990845591612407
4.95606388777406
4.951403473703992
4.974807009448488
5.006287507443989
5.04300944876021
5.047623965990362
5.026673323665338
4.985490738769046
4.953274116440447
4.949747425254881
4.972186998272161
5.011329214188986
5.040370660732949
5.047639427622327
5.026326235472646
4.98874389809734
4.956243063918451
4.950980481825689
4.971247064768805
5.007587712386148
5.045346969877453
5.049567604617965
5.025420243423959
4.987429085094945
4.957767494105795
4.95135533130078
4.972036576846451
5.011248406724174
5.041634124598779
5.049609866127778
5.028824551430188
4.990505862048298
4.957860282478159
4.954318996647183
4.973911210379767
5.012452937174472
5.04055550170731
5.049120252605436
5.03038754338777
4.986542931067089
4.958160974611346
4.952252941177539
4.972606591802615
5.013814676957639
5.046285292474033
5.04461676411125
5.027187165893424
4.986379355834734
4.954713421835374
4.954523226094941
4.976204583253667
5.011595298833264
5.042930739665401
5.046664632921685
5.026020920182566
4.987838294448844
4.956387401294233
4.950974216644108
4.977239350229815
5.011896540017921
5.042234546313548
5.051105363614877
5.025364804157102
4.985089158994088
4.955705892114969
4.950927172686457
4.976929004526397
5.016910712504674
5.043959557176125
5.046889523107762
5.025313341961261
4.988472406231946
4.956483112022605
4.948546144145491
4.978169366867662
5.014280136413139
5.046055487463954
5.045372670731399
5.025285609811671
4.988386665576911
4.957034546192717
4.950404388152586
4.976455536737381
5.012632749566768
5.045946711632525
5.046553817363042
5.025258358898548
4.985098201159524
4.95815115923405
4.953772717478188
4.975488821424833
5.009627346401005
5.040955924462344
5.048131748443697
5.028695846326191
4.984619130427394
4.956162165603298
4.95115134809831
4.976199561666919
5.009667020601568
5.040006367414709
5.048459639340664
5.02838848425234
4.987329394051082
4.9542738905224
4.952357630234522
4.976744430229878
5.016204713055027
5.042147261267638
5.048250899776193
5.026714805518775
4.982975097805489
4.956010324284965
4.954519380789728
4.974179278023515
5.011929331010444
5.042286867625418
5.049311098736811
5.021291710052548
4.984256907885199
4.956283881831149
4.94923175223145
4.971744518092481
5.013844961849155
5.042911084959955
5.047222627021092
5.027417177844525
4.98694398380045
4.958864213439961
4.95030584256561
4.977830646551911
5.013990793119996
5.046846157731909
5.044335103507405
5.022905606987556
4.985079778082317
4.957352044925305
4.951249122206962
4.977704563284697
5.015100010524422
5.046712263064192
5.045384506431922
5.02495420289291
4.986275204267195
4.955612021736981
4.953105651599002
4.97774484052283
5.014680172931245
5.043420773047758
5.050299263775814
5.023801807419304
4.987554584872755
4.951029410579714
4.950405166030104
4.97452368134939
5.014917543210566
5.04513209183171
5.04865427581795
5.021868931417904
4.984628246811407
4.958822142905926
4.950381716795802
4.976205778577388
5.012834704946119
5.050008325546967
5.052017860550636
5.023343258646968
4.986119265289046
4.959555015835579
4.957102717057949
4.976303012215237
5.013954092951058
5.044227062736147
5.046323585162815
5.017837917359413
4.985030882190461
4.955898773696505
4.953561244348507
4.979169915022061
5.015192293201598
5.045548093754797
5.048999119122733
5.024856134620868
4.984073013157207
4.955605956175938
4.952271888020592
4.975702667508237
5.014901052029119
5.045829669047
5.046793124163934
5.020131195645299
4.984166270317309
4.954233391663888
4.955740373120223
4.977375411210219
5.013486680825898
5.042309738283126
5.051481634567562
5.024736048190735
4.987404913119944
4.954028986162125
4.949049302993516
4.973617561265847
5.014660566867278
5.03990850601561
5.048567213528093
5.021308809695897
4.984561563475643
4.954402709530596
4.954099906639312
4.978951902611814
5.011652427831791
5.047465691779677
5.049830843465008
5.022505100957356
4.985063225931224
4.957837671815546
4.952437359984508
4.973208230339007
5.019140122541235
5.047470403842786
5.046707291970195
5.024079303691316
4.982475742893691
4.95538506771195
4.951901364317309
4.977829002501428
5.017312337235936
5.041608727669273
5.045825726307053
5.021651076581473
4.984361104824401
4.957170422946368
4.952070793312489
4.979163692257804
5.013211188444785
5.043874535412138
5.049356771372697
5.024359866594962
4.982966641340373
4.954287833057211
4.95293747565791
4.978633836799514
5.012740334032947
5.043973700690802
5.043358045441666
5.022865466671909
4.983450004490866
4.952189703610144
4.952651720499901
4.97904063611679
5.017285683476989
5.044632474462947
5.050913700254438
5.01842665531972
4.986776974848658
4.95548940236314
4.949482544817823
4.981539903436579
5.0180588631234
5.044422344587642
5.041745344828269
5.023099607649057
4.983530812731177
4.953147440939308
4.953946481745581
4.980271255254029
5.015201949086869
5.043791221352825
5.043635061925377
5.02009911894739
4.983887639995532
4.953785209001193
4.954062923511957
4.97544750850687
5.016821209780905
5.043870985793113
5.045639634826758
5.023033447543855
4.977292523746374
4.955376477274703
4.948869529320498
4.981106961910493
5.019290314125431
5.04544914335599
5.046418679598117
5.019210397707648
4.98420034179721
4.951249957800789
4.953584695433435
4.974981987456153
5.016419062488146
5.045382613679588
5.048869468788454
5.021556493237884
4.980270313370563
4.955119885428672
4.954652532796633
4.981109981657295
5.017339171286738
5.044839766393209
5.045374504407708
5.020282294438819
4.982160551940857
4.953067641981178
4.951626814170042
4.978310384371269
5.013626950564277
5.043465695568509
5.047586838066701
5.023551675533277
4.983557317134888
4.957143422046841
4.949693378549886
4.979049270368773
5.019290768216636
5.045746656745199
5.048291787481165
5.020487001720734
4.981345603017878
4.95309510451815
4.954343385917164
4.979323841067592
5.017116833179336
5.04613371483812
5.044675393856497
5.020050342559951
4.981589591107255
4.95206408293484
4.948782706186076
4.980621221834463
5.01474110160618
5.04660900734484
5.044548590795484
5.020285124428175
4.981212692067588
4.957648185757417
4.953473565790697
4.974666194255374
5.017992124978635
5.042550554493852
5.048703214103703
5.021394789949624
4.978866010049035
4.95306958877208
4.954611502441376
4.980456405040669
5.014771154451782
5.04581755561543
5.046718206208794
5.021049244009519
4.983769202953752
4.953718228443238
4.954148609918985
4.981735951442944
5.020030636183518
5.048450964394636
5.046386422528933
5.018900298113902
4.982961227098074
4.951686863743796
4.952903329373467
4.979710252982491
5.016628606150629
5.04785600986015
5.046373501434896
5.021154391637027
4.98004305866696
4.953813709711588
4.954295744048204
4.979825093744894
5.016222897102059
5.041911130501878
5.046232631681023
5.016440128827433
4.97928412712821
4.953589599071817
4.953629577768127
4.97878557807992
5.017739905002311
5.048776189170817
5.045469585353688
5.017086900241765
4.984824563383015
4.95456398419978
4.952540440328518
4.979748891167384
5.019883096265131
5.042996516084878
5.045853360152118
5.022002188370427
4.983402383610312
4.955051643699759
4.953282756724665
4.982839748633777
5.02040053483065
5.050290704640042
5.046895394970953
5.020069086296391
4.980183922034496
4.950974859914924
4.953311482566466
4.978819607874694
5.015334552065654
5.045299212541647
5.048203356015969
5.022096848527624
4.979288524339063
4.954984449898888
4.952612521479255
4.980230973385568
5.020685693155194
5.042208643845755
5.046158792990429
5.018947634007023
4.98356063753856
4.955831964110579
4.955024882906891
4.975462421385275
5.013894835918875
5.044667237070803
5.04155913783736
5.021058059149448
4.982327356084921
4.958956293673538
4.957579845777374
4.979866378937731
5.016831305252119
5.049017267250002
5.04641712665249
5.019248523676501
4.978788415404798
4.951154639647172
4.955827957791591
4.981377707679163
5.018203672774034
5.045977991687505
5.048490578697511
5.018731990085582
4.983891754877659
4.95661022920511
4.955184124040076
4.983951652375927
5.017636407540687
5.046602420525243
5.041354232222452
5.017222432851622
4.980114475626015
4.950753753782939
4.953725802770126
4.980910172516935
5.02152379686895
5.045241841320397
5.051238937923939
5.019597691756607
4.97767062832647
4.953889348820836
4.956043785134244
4.98207862623331
5.020868173069748
5.044987228167952
5.045655775573322
5.016005478283965
4.98003413318689
4.95263282656025
4.955821049654952
4.982106943259335
5.021941694467374
5.047003536487237
5.04759096722334
5.018890422459232
4.985514035701763
4.954076891593883
4.95592455695998
4.980388337323189
5.02244008453001
5.046457839887842
5.047040985303681
5.01679189062851
4.979100759053908
4.953925753845804
4.954871920222295
4.983278684382497
5.020106397727159
5.048113952034458
5.047917653009908
5.017586599182013
4.978891299229422
4.954187660995275
4.955190195955647
4.982368411720574
5.022741386372185
5.046188876722667
5.044653843557973
5.019175426501468
4.977451009350393
4.952601108594322
4.954010890214604
4.983065699955846
5.023005153935494
5.047410198822819
5.04671609246743
5.017945408813453
4.979843182526539
4.953344934292648
4.952363276708327
4.981467677486789
5.017812647271866
5.046745216272759
5.045536908503801
5.017344942960109
4.975798453293438
4.951591068833699
4.954557804947031
4.983777747606235
5.021761927826536
5.04703869103814
5.04764234818844
5.019699738834388
4.979786860608814
4.953517322367252
4.953649455021597
4.980505390015105
5.020984175071797
5.047272800998753
5.042434721614504
5.017195036554109
4.980463477022043
4.951244385402845
4.954839866290924
4.982318154915642
5.025326767101062
5.045612985313029
5.040998058344976
5.016421932350653
4.979156475561611
4.954056076405262
4.955939425773601
4.982299544198836
5.019825243434267
5.046044746709025
5.044725005521947
5.019801376045129
4.980093561459862
4.949020674384487
4.958778997176641
4.985522841197207
5.020385717634228
5.047984579858983
5.042882173651348
5.015724037940997
4.979566047166212
4.95578237306581
4.955449534675806
4.981208919812605
5.023518608450948
5.047297240491361
5.04750235459056
5.017269292832123
4.98115195192587
4.955274392132514
4.955435600388469
4.985327051307282
5.022621015073446
5.052456892888606
5.045899686657865
5.019699108691636
4.985239553044869
4.95650786251467
4.95850411550079
4.98920423581654
5.028025804376041
5.05445148298468
5.054448578012555
5.024995855600751
4.98604399087472
4.962486676251468
4.968240475911634
4.996534611310289
5.035096822477536
5.06842647708006
5.066749728426696
5.03876136733598
5.004221307063985
4.983841466280289
4.988875483037862
5.020688351463233
5.061179778832537
5.092318310354965
5.092271464107568
5.068304909694586
5.036142079840296
5.01591455952693
5.026067299641485
5.0626862407243
5.099384650501038
5.127008657602087
5.129658580797145
5.106826246150605
5.069272325341032
5.042927170293438
5.046946214180543
5.068628602557466
5.108588777886653
5.124579105333585
5.115372465472857
5.073154289840955
5.022947546587561
4.98484466720578
4.97540824404962
4.988548888007466
5.01784106150276
5.023466584406301
5.010616628720107
4.969455625940002
4.916578958031553
4.882460574225452
4.87701219100533
4.897436175242918
4.938055066821367
4.95662268880689
4.957314116024094
4.928711344835035
4.894568993946876
4.870223543193296
4.873142286188474
4.903961274428569
4.94926234712324
4.980784864261469
4.980283432500373
4.957237582081784
4.925251794823921
4.904679277918541
4.912143761904598
4.943437135623581
4.987024732207288
5.015277881054868
5.015726615041427
4.98834801076371
4.954301978739572
4.932031841337214
4.932275462235483
4.967113673552198
5.007961247717372
5.03363780172086
5.032960702005078
5.005897458160933
4.967019467304755
4.947829440960168
4.950108767311634
4.978260538444257
5.016898295119859
5.045533831654959
5.045195830247577
5.008806618328343
4.972589888838158
4.94841170710509
4.951674185069859
4.98591169593613
5.020801568895034
5.049549526797056
5.042368391982989
5.014226791429625
4.972235353197277
4.951207447476769
4.956520474062812
4.985732249167238
5.025802729594782
5.048636084749321
5.040331498419887
5.01433802063566
4.974631880844853
4.952701750379344
4.958790524363341
4.988670176721588
5.021694513271803
5.049210326250739
5.04297715504235
5.014913337293007
4.975459510773925
4.948484775409689
4.953837615118085
4.983637151259181
5.023819244296564
5.047439673794845
5.04623389142337
5.014672572085042
4.979727411305468
4.949404723939305
4.957875291218804
4.985445362126662
5.023949672109072
5.047298814847688
5.044393523725526
5.018796963687
4.973486038668383
4.954402235809958
4.951883984831593
4.98158835954003
5.025539623796504
5.048298538628613
5.040413532437167
5.01290869421174
4.970802419465153
4.953607047661786
4.954714420583455
4.985281276873805
5.024953212813821
5.046207776363971
5.040210222650168
5.016091993416255
4.977184705218866
4.953532606886734
4.958794002300018
4.9879158336159
5.027020091327548
5.048458078226527
5.045009607255804
5.014550001257754
4.974241093331697
4.952811612841583
4.956114032252889
4.985093712268863
5.02621394133704
5.048281395494416
5.044922662363827
5.008905500131442
4.974165103558835
4.94863737644243
4.954661134769245
4.988698816076025
5.026859444605368
5.046771293799052
5.043120079464592
5.015718416165261
4.975590490489242
4.953819709392099
4.957985402449631
4.985941523924375
5.025267612537641
5.048723080512178
5.04486376854409
5.010459079346995
4.977163727474867
4.954458602100801
4.957840802768855
4.987686603475058
5.023514975286774
5.047151917993386
5.040345902676031
5.0125022344298
4.972399134877947
4.949915156620778
4.954182678578936
4.99055416616563
5.026643924071829
5.046840784139388
5.042780434921148
5.01374772868996
4.978036092823127
4.953534211379502
4.956896843783679
4.987093890766692
5.025683384341561
5.051045463790857
5.043871346703416
5.01047817465609
4.980286732520699
4.950649134752233
4.956418683867859
4.991862929334586
5.025737333480874
5.047858836011207
5.046813078667032
5.015738492241895
4.97458867276674
4.950468924482854
4.956361817011073
4.989608808205693
5.024630525926542
5.045919621917538
5.04334147625177
5.014279539069969
4.971183638016398
4.950847178367969
4.957214411849154
4.989971465011689
5.024436492643588
5.047205013994005
5.044322784408014
5.010464647524227
4.974572915354124
4.954861060267255
4.959519523350904
4.988091686173781
5.026253281334139
5.048942101955366
5.04397273780906
5.014151873667644
4.976844785899003
4.949800743726139
4.956929390929599
4.987429317838207
5.027208620654599
5.050328174103544
5.040855126279087
5.011487546697149
4.970576975077764
4.952307590555631
4.955652259480253
4.991950470881671
5.024959601678733
5.04903471572727
5.043830743974026
5.006551278138835
4.971272838839839
4.946594120390213
4.956890445910314
4.989422733898738
5.02589483776819
5.051926190543589
5.044115926245025
5.012017974778535
4.973584450354399
4.952293536336473
4.956722334693067
4.991707039763043
5.030099711099508
5.053636486243014
5.039060281085406
5.011265842771207
4.972393708160753
4.951788595456118
4.958906373706053
4.993007022434235
5.028574807200911
5.048292746864258
5.036951038806561
5.009421590374919
4.974915044324058
4.951804621121077
4.957708116754092
4.990240565227109
5.029974044516401
5.048016895502272
5.043232326032561
5.009341159575138
4.974710417403152
4.949772985828664
4.957405464513859
4.990607260318666
5.028553687664758
5.048236778854715
5.042645582786727
5.011373612898009
4.972065013177562
4.949030598696891
4.959399655921199
4.98861495668834
5.023326434300418
5.048563604339003
5.039877263070248
5.010864173879998
4.9746451779528
4.949433924288292
4.96031291835618
4.988224972921147
5.026842085487064
5.050136950458055
5.045166988856153
5.008910397262357
4.975326186228333
4.949718559817361
4.954986245928612
4.991795912983314
5.024506081642358
5.048858881086132
5.038440386248821
5.008218807119574
4.973524380294702
4.948184235672941
4.958798745257728
4.990034845803413
5.024075820332377
5.048210915122042
5.039310747034437
5.007037231623884
4.971279107707258
4.950878080098343
4.961275893424602
4.988978780439998
5.031190270082463
5.046371552243397
5.037417789536264
5.010682986386128
4.975693880191264
4.951334923625139
4.956023353301663
4.99008703824498
5.029099842787319
5.049626504891502
5.040285508807562
5.008043490636587
4.973284008803616
4.950792246905375
4.960277183988502
4.994375903762865
5.023270665685526
5.048114697030082
5.041734438638045
5.010634080188855
4.974985844235193
4.949725508142768
4.960682314003846
4.987819952549001
5.030685943372979
5.050809178062675
5.040694836729859
5.005777710863497
4.969087367155557
4.946144523501834
4.959682167266237
4.987773849952133
5.026505592439871
5.049024310001878
5.040846985800196
5.010755584774056
4.969760282783448
4.950667725843441
4.955520309531075
4.990688198498101
5.026727883691827
5.048941727286667
5.039749386908565
5.010337956252486
4.968282205477686
4.949286242189752
4.960657192186987
4.990270250330287
5.025897617468074
5.049349440006115
5.042958465779229
5.011368843141404
4.972318072981054
4.947949962867074
4.957385444528873
4.994405889223433
5.02951901639462
5.04940905409484
5.041142160900245
5.007304884962716
4.972934764166394
4.950772981602483
4.958680484036108
4.990577882791302
5.031433024795519
5.052989597676869
5.041146061774437
5.008750464612413
4.971553527542107
4.949919472664652
4.958958347892814
4.991998938330107
5.02889948591227
5.050811555257656
5.046362346241106
5.011176460556536
4.971025653348722
4.95061247505689
4.959085899827672
4.991906202594179
5.030747180540255
5.049439349929107
5.037595018636528
5.011986197380215
4.97452418600689
4.9525794799424
4.959172911030692
4.9913375941503
5.02899986927587
5.051184848448719
5.041872438300624
5.009837254546032
4.970628090108931
4.951542455769545
4.957954847051265
4.992497895516903
5.03012048292668
5.047141779985679
5.041190472311244
5.010566903236831
4.973541478216047
4.952911910092018
4.957286767112153
4.991038809170035
5.030430485984173
5.049580698755091
5.036265657119302
5.009012063253875
4.968668127371116
4.949787847277276
4.96144820863387
4.990732940190354
5.029145105628728
5.051084832935276
5.04035966858895
5.010897818345739
4.970445418108683
4.950828668027156
4.958297407921509
4.996811236717029
5.029808803880122
5.045442141399763
5.040444032067294
5.010367262474809
4.969568946842919
4.948891002812339
4.96002884206096
4.993744411395385
5.028209119387807
5.050642814575897
5.037918504975755
5.006993944687589
4.973860345431877
4.953752393066977
4.955315551269377
4.989625839823447
5.030188294968336
5.04773346717641
5.039759348365883
5.006460760206914
4.966451899276185
4.953486359587963
4.959328165481202
4.991725015390618
5.027908752146259
5.049703581224143
5.040768855310005
5.005974877225619
4.969331377932544
4.949666187795905
4.95893017395783
4.994561427925439
5.030428836788932
5.048648735808885
5.040574014020954
5.009439093723127
4.967502477340139
4.95128337117222
4.962673064699783
4.993081893892248
5.031978921168382
5.051651300361606
5.03692531948351
5.006678869758105
4.970319182388611
4.950435428172279
4.964637081796441
4.991976094137812
5.027769276578822
5.050447350763598
5.04045176754846
5.005045014163832
4.964076207223695
4.946864759025209
4.959615930403585
4.992040067596008
5.027181214078801
5.048765402674413
5.039463529607196
5.006721653564416
4.971366406633793
4.947909164590095
4.961918357281731
4.998114854484339
5.028938708416486
5.04801979323755
5.041657927313025
5.005156594954614
4.968751561151072
4.953626297301765
4.961508880052782
4.991975962462907
5.028530272763032
5.049846359647245
5.041855621499995
5.00637466618467
4.968008905400154
4.950721366119274
4.961971867473291
4.994141136136073
5.030115966574823
5.054554176060853
5.040198357015945
5.002516382405406
4.969982565312599
4.950491970414147
4.962634047603759
4.992262702484751
5.033411998672658
5.050636469268605
5.040188450736331
5.006290360518247
4.969263038799676
4.950990957594286
4.960226431498666
4.993761922287579
5.032614661751305
5.05331181136873
5.04001214204611
5.005256317238449
4.971357020853701
4.949803705087359
4.962283276914882
4.995229989426998
5.027012163636327
5.048360672565052
5.040126018037206
5.00607470230586
4.96911975298968
4.952390889547132
4.964769032052195
4.993092639299971
5.034913751443602
5.048060229521635
5.03776630687388
5.004292876065241
4.965656914246853
4.948570300975478
4.96118196291461
4.995423698793533
5.029718164173975
5.052932472121359
5.039211791177283
5.005368390978037
4.971776802461908
4.951244059848831
4.959090564372691
4.99139771714509
5.032024442416379
5.047048636519501
5.041877393414287
5.00478864225267
4.969973992072664
4.9500122915687
4.964139326772202
4.995428706079085
5.033863085222153
5.049888528052682
5.036775710054306
5.003018976958731
4.970295203791306
4.950937434614938
4.962737338992209
4.998652573990978
5.030758895172943
5.051589617426345
5.036842979825345
5.005209373889137
4.967821199228313
4.948166560753594
4.961597091540788
4.993515324564131
5.030689608425442
5.046264710032562
5.04098405591131
5.005344041107202
4.967902480513353
4.94747412902665
4.962644052716921
4.997550829549443
5.031770860686081
5.047766412064449
5.039217063539104
5.006850601985029
4.964163214222817
4.951862925882886
4.960808833802987
4.994401201316652
5.030690142328554
5.049699489741788
5.036708830495195
5.004439377212345
4.970430733528424
4.946001800705337
4.961231626120386
4.992199193203207
5.031930693856484
5.051314775505996
5.038640849703135
5.004440435493409
4.966244445697809
4.951531464739127
4.963037957257811
4.996175207694023
5.033460512801984
5.046562223254047
5.040304061013748
5.003346196414157
4.967893193451412
4.952485801834295
4.962942191409226
4.998195808863982
5.03362457091425
5.045784432834497
5.038938723172407
5.004646414219931
4.96877534168371
4.947968037123752
4.961588285332262
4.994578927000012
5.036403902365297
5.04908417098035
5.035936040348107
5.002350827456986
4.967637112076797
4.950630395925729
4.96177607218821
5.001882380240314
5.030015415722008
5.048817364242613
5.04112167211319
5.006982460636642
4.966990816725429
4.951571456383208
4.964199088352716
4.998047233716378
5.032021292691796
5.046166435922109
5.03731830646631
5.003384997401679
4.966961818099366
4.947709296132976
4.963831030753037
4.997680724887087
5.028765510404601
5.05071663315657
5.035756422908389
5.00330268773082
4.96314822737025
4.948429107045923
4.960035729076751
4.997354516962741
5.033927566853431
5.050181064393234
5.035893982000829
5.003067687180234
4.968709222177547
4.948431767782317
4.96299378276372
4.997246383043645
5.035275345164691
5.052502214169919
5.034863496333084
4.999994477774275
4.96904001653215
4.948953372668062
4.96185392359181
4.998524740007467
5.033044800781044
5.048709269350697
5.038201048973208
5.001225745923922
4.965752854498973
4.950772691189752
4.959685872937961
4.995476964078724
5.033660651815997
5.05095470486847
5.038120703558999
5.002406169023496
4.967123978906032
4.951025907567623
4.963801985881879
4.997324891323975
5.033416490480545
5.055893052649112
5.038308942994843
5.003940160988265
4.96414173857659
4.951836930199045
4.966025294959902
4.998858811194432
5.034439331793983
5.051029609262995
5.034602978447455
5.005710741574039
4.963006136382976
4.948990949273604
4.964011994874358
5.000691434753527
5.034621975621818
5.050627275914692
5.036867123083871
5.001492027655623
4.965239312812453
4.949502405474355
4.962626921140229
4.996296351586954
5.034733711073609
5.052530602800958
5.036707796802446
5.001192602715867
4.963050617867164
4.952501076254546
4.962887209407428
5.00217241878567
5.035400559629899
5.048949403162034
5.034812042633996
5.001346786056017
4.964629574169002
4.951981554488533
4.963393940518934
4.998119927209302
5.034875235481632
5.047607313853017
5.035462706219729
4.999071037685687
4.964773582171095
4.953881043270729
4.963396743862788
5.000419777720699
5.032488769595668
5.048945851369724
5.034122484696695
4.999214607712158
4.966692666855144
4.953081171124249
4.962380023120523
4.998935711691735
5.035198000030667
5.04746006731065
5.03604546629446
4.999997137167875
4.965222175849046
4.946466570372549
4.961967600024448
4.9982934828593
5.032970344710718
5.048597802136937
5.036375105095042
5.002340607491589
4.964181720246646
4.945868877958471
4.964460072667845
5.000580033057176
5.034983853153313
5.049836447782232
5.038248376109887
5.00090971522977
4.966531548603927
4.950982775863584
4.966106421986423
4.997027362090181
5.03753706344747
5.053295472819216
5.037213443383861
5.003871551781477
4.961078732487581
4.947564944971117
4.967116260776127
4.995968240200598
5.031776838614762
5.051946002436669
5.034290949498668
4.998580521367032
4.964045171168054
4.950700353102349
4.960744452345317
5.000481842163512
5.035595081034804
5.051721903957204
5.037356836565878
5.000516104932792
4.967816483147747
4.945299076886678
4.964065425272761
5.001257216739869
5.037091072188889
5.048863307381074
5.034153990541465
4.999604955174754
4.963875083861871
4.947818576510826
4.968316966710814
4.99971860293916
5.033770941883237
5.050448601451129
5.037580450613578
5.000935864784874
4.964895568053978
4.949330899606769
4.964950555109493
5.002794100801013
5.033712129187898
5.052030231596024
5.03223334733116
4.998724317982376
4.967006446234176
4.949181602333706
4.965029945870478
4.998181469827656
5.036571321778395
5.048408558325284
5.037685310545628
4.997623882533781
4.965240628138766
4.950362723641963
4.961920892667867
5.000062955342341
