5.001270970392713
5.071505901173882
5.099987577542075
5.07468409736817
5.001309280258375
4.930582676140142
4.903037709367769
4.928286201846273
4.998442570583919
5.073562040960383
5.097629714489906
5.06820481498839
5.003578080359272
4.929286115646438
4.896823205618582
4.928964167055154
5.001604736536668
5.070604234586992
5.102530777363011
5.068219631263154
5.004398186544457
4.926979072168169
4.897905805712112
4.928930605821099
5.001351557629826
5.070704190273948
5.099181676274554
5.069463861945208
4.998874476154955
4.926331343224589
4.897693375589338
4.930978104712064
5.004447951606537
5.069374018940939
5.097663753067108
5.071981888506709
4.995678130661623
4.928501056549549
4.896739601135542
4.930853724833514
5.001899264357634
5.072696505968787
5.102965451991299
5.065411271014724
4.998966865284671
4.931508415790216
4.896501809171216
4.931901559540744
5.000463596129968
5.073275830062179
5.101790798398671
5.065538606098709
4.999008938296951
4.929078136233159
4.899892413233088
4.927923854587667
5.003567212640522
5.072141343017488
5.103370082237862
5.070330469918552
4.997160137908576
4.925664862079135
4.894564101320573
4.93213691769757
5.001830392837152
5.070161860393037
5.10033371489747
5.070966420086847
4.997108855826238
4.928899357720375
4.901537504198199
4.932851062587106
5.00247785126319
5.072293814003237
5.103895211928984
5.072761911383563
4.994999418335896
4.924601786116097
4.901949463919157
4.932751220011587
5.002999606129031
5.071104905500366
5.102453761976039
5.066875345161072
4.999195644880582
4.930586795865276
4.89976453764197
4.932953592378083
5.007475644591846
5.07554276533555
5.100350896694081
5.068510088125607
4.996833275530604
4.928622997575652
4.898410145489756
4.933476661294756
5.003702947342424
5.070626763143683
5.101221255951524
5.06700982621652
4.998397926553538
4.927371965003476
4.898959922708544
4.932903368609283
5.001731106865632
5.076388949100127
5.099231947031258
5.06663088946218
4.996940147133626
4.925065173138159
4.898599346353857
4.931882685972386
5.00860290248743
5.074125216860915
5.103008241730469
5.071507112902778
4.996654616221161
4.924882271720817
4.899889531188686
4.930790278450041
5.005577761740034
5.072072830589679
5.098713901488594
5.069401577919148
4.993133390397215
4.926791279973721
4.904969808396911
4.932503889735856
5.006208753141685
5.07575482185477
5.099959845593716
5.066365502312748
4.996128560562843
4.925131698804945
4.897514783946055
4.934245033615256
5.006776306403282
5.073013170407956
5.098441496371493
5.067664385643763
4.99578816835886
4.925736829549193
4.897105136132198
4.933968783548512
5.005777154302237
5.072393054571878
5.098710568337653
5.063711530917007
4.995502914099672
4.926788347642874
4.90261741733983
4.933915220243246
5.003143503290013
5.073973552157674
5.096131309925168
5.066753987241174
4.995389872285947
4.920074592111788
4.903129053575516
4.932405929314426
5.002400934635981
5.072844924287596
5.102701963311828
5.067291037336044
4.992379162376317
4.927539252823245
4.903643736509433
4.938777586904527
5.006816712511998
5.073595438291404
5.100777870210207
5.065880318549539
4.995103349108801
4.926777846641869
4.900599032627737
4.937642231605006
5.00879912102845
5.07501843733792
5.098708705010212
5.062126351986331
4.993236274632657
4.926909915531632
4.900102213328254
4.933132039246759
5.005660391471248
5.076439197194623
5.100246005311152
5.063288324624805
4.990757200831186
4.926240426777822
4.899182822823918
4.937200965956096
5.005131862200131
5.076463118550701
5.096033363574824
5.065057268572101
4.989779221257496
4.919660505032622
4.897200298291184
4.931238179419872
5.009837845946218
5.07094475826087
5.100250997034943
5.066022931183542
4.990436822141101
4.921336837693716
4.89673661353838
4.935678954634127
5.009296577382718
5.075952309534984
5.101074908192412
5.063921163121678
4.987236352538999
4.921556011037199
4.900550788550612
4.936465123398682
5.006017661569667
5.079627790579458
5.104056958218744
5.064584568866436
4.992851921720583
4.922993523256324
4.897266480294899
4.935618681315496
5.010909988278388
5.075912532961032
5.097775579102588
5.062760106302716
4.991107257295721
4.923493243595352
4.901758172846067
4.93508894924507
5.013310531326578
5.077930717386555
5.101054819708893
5.06224550764143
4.989600204249609
4.919994247333863
4.899139295922113
4.935939427099799
5.008636695806437
5.075431026729636
5.098262973052868
5.065360695410329
4.992976498927117
4.924024218901153
4.899048051733828
4.937133700316373
5.00876264211754
5.07924527915422
5.097969025180916
5.062142946847021
4.995307600007136
4.924159955865518
4.903219626935005
4.933588208809035
5.012544228451623
5.078567959893055
5.098332116103253
5.061562706082311
4.986562554353483
4.924684966750697
4.902194853362617
4.939042711877532
5.009150224138768
5.078721597616982
5.097005803359886
5.063175077016326
4.985458070485257
4.923380140725342
4.897165050317051
4.935598013723633
5.006375331440029
5.077766191119927
5.101396474848353
5.064992276569233
4.986943672432655
4.920153444738515
4.900289320430225
4.935167597009116
5.011216227382492
5.076199581175965
5.09984435965363
5.063626138610789
4.989645615978739
4.922108537704986
4.901435683716504
4.935302038252845
5.012800250261361
5.07794922588119
5.102551475161227
5.064433388805177
4.988684238559661
4.921468392646418
4.89923234584857
4.935608418656381
5.012766427788598
5.075004325532684
5.099850134833607
5.05831186549922
4.990445332734148
4.926564099009354
4.900670958413183
4.936894035173955
5.015615695211333
5.081025440128966
5.098311538185484
5.060935025178418
4.990035871919635
4.921874588623764
4.897588787786787
4.939693985710902
5.011477998573
5.07995171103755
5.098872016322797
5.062504404312679
4.985238073421181
4.918840781770575
4.90123515561947
4.940635782423946
5.010262842737307
5.080402092577206
5.09614039307836
5.057785830902686
4.98679750815272
4.924262646119644
4.897954789577623
4.941313877672985
5.014199592797435
5.080267031366227
5.099703506073428
5.056449120591439
4.985319712615183
4.921735343928249
4.89702153313098
4.939702024800709
5.011346161399998
5.078616019442153
5.099492289555455
5.057744123937287
4.985504742490479
4.920770305113497
4.901848290830766
4.936739472078528
5.008924094206252
5.076823579239603
5.098926710501307
5.058455706343912
4.984680665334192
4.915873219246719
4.896051418313757
4.936486246329859
5.008901496915686
5.076449543679377
5.091694444399201
5.051948745290031
4.97839555250024
4.909814263832256
4.892035551862759
4.929996758574492
5.001686764000942
5.066418578131536
5.083978445943129
5.045555474468727
4.963849321756284
4.89558909090407
4.871109784261813
4.90716509044598
4.980507904067567
5.042977465702966
5.060121045940194
5.012121340178465
4.936769707309673
4.861704159302946
4.837263843639136
4.870687946380144
4.935145119340135
4.990864999134981
5.005364689167117
4.95299909795191
4.871720053208452
4.799007713272535
4.766851170867855
4.796430061748581
4.860488869192359
4.923890875188705
4.933841809766811
4.888396936021063
4.807855456671225
4.737014342565457
4.724958307153028
4.766418706139297
4.841939759626023
4.925117024107416
4.955757136627884
4.936954341824394
4.881235822688381
4.840176554292958
4.84643803062416
4.919404192445173
5.024555677638204
5.114091396040501
5.162022356418749
5.148930603478066
5.093826130442461
5.049904121953032
5.043059162852144
5.099283432998121
5.184498262955738
5.256392957321305
5.272887479771112
5.23625586644872
5.156493222538702
5.085561098855445
5.063245426082901
5.094523525361464
5.160515618760122
5.210713073665046
5.221408410839024
5.170912664302799
5.08864342681444
5.010414561345359
4.987478638821717
5.018753869877083
5.08249528246813
5.140330882917636
5.15192082825677
5.102159867394619
5.017887788465714
4.95394046624478
4.929924984325572
4.968020290776714
5.039536121571144
5.098412513421337
5.109044263488355
5.069917520190464
4.989994352598464
4.922790955641396
4.904741586100006
4.942281352034035
5.018887889688435
5.077107126200008
5.091223109504996
5.05328632367731
4.977209121733909
4.912107577754412
4.892037526956345
4.933290965094526
5.007546365746148
5.071593067527685
5.088337847400725
5.042603710635348
4.963769983928064
4.904167539141445
4.88602014176181
4.928548584737261
5.003946670543179
5.064246869361682
5.078235228763423
5.041463011200135
4.962220418356773
4.898890754651081
4.881399767494023
4.921481169736493
5.001785097825681
5.062316404836231
5.078152736150436
5.037918934389983
4.963885690544028
4.897426113525582
4.878928306420935
4.924413515910675
4.991720265403287
5.061834271469014
5.074348903282784
5.033254132449564
4.95925660200216
4.897611482308506
4.878341994488198
4.917148275374116
4.99760637610721
5.057643587771216
5.070439844895499
5.029644271159936
4.952356140881409
4.894508408096567
4.877966278894494
4.91589871359301
4.99157079659478
5.055962864548209
5.071035571329991
5.025229646727815
4.950142930492926
4.88826628194824
4.870553349371908
4.918572545549376
4.987167274326381
5.051339784109794
5.067443919218627
5.025347519069987
4.94949794107507
4.885224598000899
4.868945529308664
4.911842921283231
4.986917515570991
5.050534975215151
5.064479646901384
5.022202898515157
4.946110603353732
4.883050164341316
4.867859236269967
4.907127113169778
4.986025114502197
5.045631287970483
5.060524259248389
5.021231893081441
4.943711270032746
4.879785158424514
4.868707740417507
4.907886992545495
4.984210997651124
5.042751012473966
5.060026683943992
5.013310522687289
4.936844611374409
4.878487201893314
4.863219399011909
4.905658074513927
4.980765496131339
5.041043272269785
5.056993370159275
5.014852275010835
4.93728649135651
4.877021581178734
4.861847662645457
4.904195344545039
4.981644739733737
5.037632840974447
5.054580380901679
5.015243743221717
4.933058621581247
4.874813814971602
4.858132657561236
4.903962441112946
4.976564576325094
5.040555118974105
5.053132484684257
5.012759108856918
4.931303451206347
4.869277761073744
4.853027551788429
4.899343941429568
4.974196110672197
5.034232889580302
5.051852998499396
4.999821588747677
4.928615536097919
4.862843723464433
4.852685603245532
4.89706688093626
4.973505904713525
5.035935495499193
5.044340670650253
4.999502138836542
4.924491156869689
4.862635220518973
4.853832930228085
4.894389729110459
4.971175477047841
5.028847871442651
5.043785254292716
5.003095615505038
4.921192793939188
4.856204016570447
4.846751005640884
4.890151425468945
4.967036827469243
5.027824735721268
5.041567761608203
5.001589619336645
4.924751069509587
4.857269271122846
4.842550788200168
4.88865485029202
4.965391716087323
5.026492065669491
5.038245487154328
4.992279862872091
4.918916877741403
4.852345967350026
4.844903144393776
4.890109221497864
4.962935850354913
5.020230695157818
5.039910988306793
4.991912925405864
4.914573907877
4.850066536397894
4.841738178306901
4.887453874906593
4.962356653254727
5.02185789841579
5.033076396633166
4.990616088534626
4.912117009033618
4.852016091590197
4.84027016331934
4.882173440275264
4.956392793133498
5.019930478658981
5.03094581662314
4.990418438869453
4.909895228331928
4.851053980251574
4.832072746323873
4.878401960387703
4.958200252062865
5.014962858780159
5.032038006149016
4.983861884266261
4.908498975653246
4.842282043708146
4.834766879374657
4.880686516714769
4.948371354124737
5.012793471573426
5.02292551128091
4.984027269282579
4.90591234144485
4.839682301654809
4.832388714042132
4.875619987441126
4.95126818148729
5.010611902592194
5.02036463558923
4.975933535098251
4.898699433356193
4.843169517783939
4.829109184603831
4.873478749796413
4.948790940754082
5.013711669299657
5.02149554887525
4.976168630041427
4.899948201920157
4.835169074899212
4.825831629167688
4.875254047651165
4.944394980507757
5.005459034255291
5.019773141481853
4.974869100313789
4.895628157905866
4.835923151400427
4.82529038336644
4.869903878930295
4.945450365282402
5.009111492355054
5.018146859169792
4.970714562943121
4.894649801432327
4.831251796196898
4.818586557089791
4.867730381596422
4.942939251771368
5.003576371690016
5.012321929916649
4.969150573330839
4.891768948341863
4.827505997035652
4.819437968506206
4.864424538742449
4.942856007084501
5.001593969598293
5.008902335869983
4.962145588118881
4.887201306033568
4.827068567895465
4.814892971997071
4.862539682491248
4.938417432558449
4.999152871563465
5.009732634450388
4.960485117519697
4.884264036441822
4.82184884345864
4.810779982194896
4.861672570188555
4.936964315242518
4.995910304566635
5.004236109417597
4.959434214116323
4.880513659298582
4.820426075282228
4.81448797927204
4.85834348532016
4.938393479941969
4.992980764081795
4.999786532203767
4.955161066981823
4.879256771622642
4.820076925562828
4.811439566756556
4.854692027700074
4.932523329268704
4.994079599496346
5.000561690756326
4.952422333936393
4.871740096162697
4.816462791586623
4.808756819257801
4.856974293999521
4.93330072655457
4.989275113533938
4.998455560974711
4.956425427436851
4.873007271072297
4.808726076959809
4.806667795687503
4.850236798965414
4.925339696803107
4.986502558955596
4.996503638152585
4.948363127608411
4.873540170418972
4.810727287066752
4.796825961107329
4.852050649343936
4.923798767525959
4.987972831263524
4.990839425523895
4.946404975452327
4.872638326680095
4.80465216135437
4.803148991250454
4.848216157205631
4.923238821244858
4.983431596118539
4.989140090137156
4.941410857639886
4.864620034425941
4.802216612528206
4.798424710749806
4.84312006135724
4.922203279608675
4.97610098014535
4.989164801477493
4.937817494028394
4.86308924076461
4.805464535114611
4.793728203438954
4.844495306129939
4.92056513103743
4.977000141854372
4.986023698058384
4.932582995646349
4.86143658099717
4.802222262428216
4.788773370707874
4.838425852568553
4.919579373018262
4.975978893772767
4.981254406061386
4.936418507661234
4.856033352955403
4.797537795305608
4.790335170806879
4.837605478106805
4.91502244043519
4.972888953950989
4.982349908870785
4.930869854281327
4.849523215762145
4.79303688329321
4.788815036601443
4.837497391904402
4.908304942828786
4.968644508351509
4.979907061510131
4.924605541580259
4.85090629266088
4.793893534937953
4.783953613115015
4.838846947186614
4.913257339432946
4.968438876226884
4.975858494160253
4.929079769743479
4.850906081996424
4.789919504287169
4.785325267813021
4.832849161455012
4.905337663425673
4.962957564596094
4.974669809829456
4.92147020601708
4.842689277720416
4.786532881637342
4.77914284539931
4.831812262589972
4.907560654663904
4.966085936057032
4.96851366534877
4.919881948946702
4.839416076742545
4.783254080409
4.780561490832073
4.82713033839568
4.902693142590864
4.963978705597055
4.966002954620498
4.91507461987976
4.840398721576046
4.781296184613617
4.775589519259329
4.826161279449793
4.903784326192486
4.95637035850109
4.965591925928073
4.911498244103715
4.835927253478296
4.777571037800127
4.773150101894019
4.825475579556837
4.89689616996449
4.957239383473981
4.964834362402899
4.916048412683285
4.831382668512959
4.777937894053787
4.767202708124648
4.823541500307871
4.896397277267519
4.951663092134462
4.961053300131844
4.909014593600716
4.833857289061741
4.77405583790788
4.770877463181598
4.818143043125136
4.896547989267971
4.952060655035449
4.9571510780036
4.902751292661794
4.830480878495119
4.768913373563726
4.767461568159909
4.815747558212544
4.890378490825939
4.949808661086675
4.950669505036062
4.903933318852744
4.825809616036591
4.768958560726216
4.76349793249158
4.818183806472062
4.889420221259942
4.946983115517679
4.954079975325986
4.899955283161518
4.820126229221014
4.764703298250898
4.760985405571222
4.810503001421141
4.888993545273252
4.948182299909634
4.949592004166687
4.900063098756215
4.818370275977226
4.762009338832303
4.757220627175306
4.807168545038048
4.887017122896931
4.937459796007921
4.943851962911638
4.897504587785849
4.817627771599615
4.759844502132737
4.754423467225667
4.808811054027653
4.882272521970659
4.940294606159162
4.942621237762818
4.892649227893754
4.812616460919121
4.758334028046644
4.755437692157795
4.807181480897993
4.885101727780398
4.938096383908178
4.942988715840421
4.88825089543082
4.809733040404291
4.755699121941559
4.753608019920082
4.806391483454999
4.880569770337662
4.936334423576428
4.936189930415993
4.886500068942301
4.807351643414989
4.752480205626195
4.747892255518252
4.800138879246382
4.874543307143697
4.929221683615361
4.934192541062627
4.879423598611562
4.807201057716248
4.750043010770132
4.744972482206741
4.802250136499385
4.877047166387754
4.933257083670227
4.934248548062577
4.88397266641319
4.804006304677104
4.747372540039096
4.7413660133601
4.797034546587415
4.870772233398492
4.92672617231694
4.930889395952702
4.877295418732489
4.798691615052859
4.744039255127415
4.738987000825735
4.793173490955221
4.866465130553471
4.927623013839096
4.924031615854366
4.871463523915714
4.800779074101611
4.747946027296177
4.739768170635868
4.794295111423122
4.867919904008374
4.921317398740276
4.925668701439036
4.870963518246767
4.794840745132552
4.735367546116207
4.738523357109297
4.790138784221798
4.86510478875706
4.915359244328444
4.921676050415961
4.867322976751822
4.793998351953899
4.739096497412882
4.733349858874234
4.784100863406298
4.865514467209434
4.919148363714966
4.917988642875955
4.863895904719091
4.790132449978462
4.736283485722483
4.733928746939203
4.786886767199697
4.860392419728232
4.916988303947609
4.913140668664676
4.859905269406449
4.786629836851461
4.73249624937297
4.732322844429081
4.78418038545488
4.859765844281252
4.915734395041429
4.918000290495522
4.858977036526595
4.786210536169502
4.731947888299715
4.729876775870157
4.781250426408382
4.858312769072113
4.914147712594876
4.910821881688456
4.859304945539852
4.782897766547717
4.723851408575749
4.727303071150796
4.778936778928162
4.853043024984005
4.912355150322738
4.908297513272308
4.855187734178823
4.779561204738309
4.724244965056739
4.721230659876301
4.77510960445507
4.850905476692781
4.909348636375969
4.907736402760361
4.852034142299253
4.774359134681144
4.719056003542845
4.723376690955496
4.77408560975611
4.847384127909286
4.903651572142385
4.903086684283346
4.855098382413446
4.773458640438007
4.717007892071243
4.721400503260498
4.778662827214058
4.845265556728462
4.899782196984931
4.90242440954949
4.844899599872458
4.774814581365413
4.715930722517287
4.715190791249445
4.77037083057685
4.846177795683836
4.903258026167788
4.898397511568038
4.845707796984327
4.766834888949643
4.716201931485129
4.715248103324028
4.770209348398343
4.844134654095068
4.901057577443106
4.899330021782825
4.839621391602512
4.761689557359433
4.711630131883703
4.711124839650667
4.763880900936046
4.839048814948729
4.893454074095889
4.893385572950804
4.836899312082784
4.762870213061889
4.708512376156914
4.712360811722696
4.762727117722489
4.840403486462705
4.893631587530959
4.891462390913829
4.833748798612619
4.7606358988421
4.706262012352198
4.709268102892472
4.762194833851845
4.837345261623605
4.889124756583614
4.890342010239018
4.833893981086118
4.752179561949961
4.705028399418182
4.704755457954241
4.757098128853074
4.834841624603538
4.889534791460407
4.887586131458932
4.83139855077606
4.752536284817081
4.704369073870958
4.699435000564202
4.757183883019483
4.830457807433329
4.884681611278115
4.883207167163975
4.824497615938527
4.750236567762034
4.699971382989413
4.70075835771229
4.755648015535973
4.831963290159007
4.882772526360164
4.880637605571461
4.827723966838145
4.748199042845056
4.692753397283679
4.698207114486672
4.750429937911022
4.828662010077597
4.879105111738737
4.879800946972188
4.818109339678722
4.746138150138554
4.690414922854735
4.694886766745361
4.745395901718876
4.822536442328206
4.878613617002702
4.876696900720932
4.820254650116789
4.742577769804727
4.687658523990586
4.691216207914507
4.747705341248504
4.826450054766256
4.8758019706332
4.873313636213554
4.814703882350527
4.738751550460393
4.686602707952243
4.688908907796836
4.744540445557759
4.825680137196214
4.874675849506705
4.86859168172779
4.817368917009234
4.737936371926184
4.682061392104762
4.688309068008106
4.742783669701587
4.820778562221323
4.873281112971695
4.865562287471501
4.810422482361223
4.731844865810971
4.680560435115209
4.686928839363349
4.741614372874162
4.818973752946308
4.872538445855088
4.863627047143003
4.805069068023175
4.730757880548011
4.681373700078693
4.682211417315174
4.735791019741963
4.81788458629776
4.866601142360296
4.863745087074486
4.80404797744283
4.728794253851541
4.678223527441313
4.67740580366824
4.738325488908618
4.815071146900347
4.867490993674305
4.862091460353531
4.801168963388102
4.727726826346336
4.676541711970724
4.683425722234168
4.735670961580228
4.811435423841883
4.865564493113098
4.859300304215698
4.801896378235169
4.724649307901016
4.674763060396739
4.677717084297749
4.735786528511842
4.81144197585227
4.864998731948742
4.860161658978502
4.801248500318403
4.723843638290969
4.678922595619308
4.683635402620212
4.740182706814108
4.815039650326254
4.869581431738708
4.86423467444642
4.809811487082949
4.734216075503585
4.684523040760873
4.691075273557129
4.751548840989511
4.828969294823675
4.885531958338252
4.884546448658043
4.827492884208326
4.754691554769646
4.711454974756827
4.719997710989763
4.783873919216067
4.868405463601067
4.924215058642669
4.926795314179901
4.8737006078805
4.802977845387137
4.763323667328184
4.779954543901724
4.842753309044477
4.924766469693664
4.979822153838415
4.980469823047551
4.926043192911012
4.852017905141751
4.802156498008789
4.806675228771703
4.85850806086743
4.930361180921495
4.969744558509508
4.949179347670155
4.87557795291582
4.781138473360707
4.710963378181883
4.696810575238292
4.729025415076112
4.783596551000766
4.808207786360827
4.776202611984715
4.704766864338442
4.60949952308391
4.539665879235461
4.533221416981138
4.586368085348585
4.654438820309369
4.698208129739396
4.693631710633406
4.635409637629598
4.561993316276372
4.517361676012038
4.525812122720372
4.589393141739753
4.680555051644575
4.730635405623986
4.73379058016714
4.684266511626743
4.615369153257531
4.571545543733081
4.584779660455682
4.644785188433005
4.731670592765362
4.787722142164256
4.783977161860264
4.726937558087094
4.654753889893142
4.609856555339621
4.623457085653206
4.682512570970104
4.763480115384561
4.812666439498227
4.808023965924302
4.752073742414986
4.678331139316023
4.630372041978259
4.640245242523015
4.69451232912772
4.777708898988173
4.823341888476921
4.818750700243217
4.759897641906909
4.686165914565543
4.63392281906603
4.641690719461002
4.702570907452909
4.77931697715422
4.829079516528898
4.82013794652198
4.756686214629108
4.683350822365757
4.634541992757869
4.642807727803445
4.703299562600256
4.775306004370449
4.825071570670289
4.821313274990316
4.755980842318817
4.686168604091195
4.632171018943445
4.640901576561865
4.703742732431961
4.774185868536042
4.824001166969256
4.816311683289729
4.755480675303596
4.680135719119924
4.632846019911181
4.640430197800651
4.697695090857585
4.776017101606069
4.822484637462424
4.811922633870812
4.758551236686558
4.678100683176437
4.625906560637363
4.635940384853376
4.698902269133126
4.77014572660248
4.819484386196916
4.813133990098741
4.755497942617068
4.679248442136902
4.625614013346576
4.637689036477254
4.698748013879301
4.770047779873781
4.817189451757035
4.810883023226245
4.750709591303469
4.672697629229559
4.622284237634466
4.635475792257438
4.693102662313473
4.770043643220625
4.81596487875934
4.806640787240799
4.74613187537753
4.669673492056023
4.621157216297622
4.627567319001129
4.693181108891925
4.767816949584439
4.813460139972634
4.804360891741588
4.741353380211865
4.664514678133016
4.618605150235217
4.630983862189922
4.688499413726415
4.763941911464232
4.811470872414429
4.801944758804423
4.7402837585939
4.666705238774287
4.619288269055168
4.621257480255808
4.682877451175067
4.759919130045307
4.808310811333831
4.798341691145166
4.737947981505686
4.661302709040144
4.614571560745194
4.626962946510288
4.685168557581132
4.763277454462336
4.806350966287295
4.793525499322202
4.73590144596305
4.658538810411422
4.611569475596895
4.620233716079896
4.682372706606023
4.754671622131909
4.806590070011227
4.798360833291239
4.731004941879227
4.656277305895387
4.606732479552642
4.622390177187596
4.676886870382948
4.758078438353348
4.801807516395925
4.788857994074045
4.726113484338982
4.652074106519103
4.605002483303283
4.619216577657147
4.674080520430184
4.751973315974961
4.800219540646025
4.793074166840595
4.727944999353215
4.650062650716471
4.60519523003329
4.6144391959295
4.676270041440577
4.752587865414204
4.793578802031612
4.787580790444899
4.725130750578459
4.650203399687177
4.60156118878119
4.611366761661868
4.671451908187638
4.746643812238046
4.790730214405633
4.782173111561339
4.718871844208197
4.646904615282163
4.59907140970035
4.609617290987328
4.668584185112901
4.745428039083429
4.790971708193305
4.782365824451625
4.716510073216306
4.641538415687697
4.597096205802123
4.60695972700132
4.670900354798626
4.744474933383144
4.790641475686837
4.775918238334876
4.716135701660204
4.64234316205108
4.594052133325428
4.60557837943665
4.66727225222142
4.743557957266596
4.784667921879756
4.77656510230695
4.712750068920744
4.63664884765744
4.59153642082305
4.602776356128038
4.66268577831989
4.739907814631423
4.78252362756497
4.771125236753857
4.712600779717347
4.632169814546466
4.59105150337765
4.600327848987453
4.660897293337382
4.736472873000122
4.783238165180451
4.764784786834239
4.704941412887741
4.630023724649714
4.586117089979334
4.592638351655547
4.658423047705977
4.735100745549516
4.777281899360394
4.765309083461153
4.703590886107508
4.629275456164501
4.584379670723988
4.59544979130575
4.655320545735274
4.735642549554733
4.780528370060498
4.76521114312422
4.696799286076024
4.62521628768831
4.581198332883124
4.5920856987988
4.655864274913531
4.734468621226979
4.775425428675169
4.760564318953625
4.699278875885034
4.619198666988495
4.580850421184251
4.594093378534843
4.652237149852709
4.727178564277898
4.772721611169445
4.758793845465449
4.695728738364358
4.622399037297122
4.572474215860292
4.590425418168073
4.650029117875752
4.725991494877565
4.767954841164507
4.753099801350114
4.693621056582127
4.619118262787554
4.570453405933498
4.586805748923381
4.650467396896474
4.72479146609432
4.766552013028648
4.753544919425716
4.689624061591142
4.613696992319906
4.570866213695782
4.586772168514308
4.647154883680972
4.720876012297118
4.76451567659662
4.751740090232637
4.690811964687919
4.608346674052146
4.566783650018517
4.585325452842175
4.644848279403881
4.720244517318075
4.76329761543188
4.74760225549194
4.683828976903865
4.614006033605119
4.563375196534851
4.580771846251262
4.639062772428629
4.719099150656142
4.761904674051377
4.745652399400001
4.684920352771436
4.605211840039289
4.564643450007352
4.579300691338656
4.639129753140576
4.718817375642347
4.756344535108332
4.741250367308911
4.681619607173051
4.603265393115873
4.558699021622671
4.574473199416165
4.636572113287547
4.709274710621941
4.753547296867116
4.737007857479869
4.676407266345813
4.598220229061266
4.56018929786503
4.572148488782984
4.634502680231578
4.708910390771654
4.753510435595759
4.737320490229989
4.671261029295578
4.599450863390263
4.556610987766222
4.570457837333619
4.633909833475853
4.709141580524076
4.749508894257142
4.734412343081702
4.671771155261175
4.594945415345553
4.551555327033972
4.567733030653645
4.630054282715138
4.704946080804581
4.745746113196319
4.732182297227527
4.669562389294009
4.594887833906789
4.548767967433778
4.565522684275199
4.628609594475655
4.705708194263697
4.745703043424744
4.725674404526257
4.662017633161409
4.591806266323787
4.548838317937699
4.566029379161764
4.626009932505156
4.705177957414045
4.745107163125119
4.72774971374068
4.658400717340048
4.58778068574856
4.542475877180356
4.55791631586001
4.62416152790437
4.69832859998498
4.740162958724141
4.725129533147253
4.660165079471689
4.585489097725034
4.541813685942591
4.560201446146409
4.622609505257276
4.69630699212377
4.737119741405404
4.721778834911359
4.655089459285133
4.581805555440554
4.534443172493328
4.558498828051209
4.619099036202421
4.693828438165577
4.738866973404226
4.715571103039025
4.653795936261809
4.57904634580532
4.536875723233747
4.556441760308589
4.617231351176703
4.693640880475672
4.732234476174947
4.715385063636505
4.649911362815247
4.571968543733626
4.536254439317141
4.552535388311953
4.61843794938603
4.690745011451405
4.730644992397254
4.713113496813163
4.64872507298447
4.576738791254133
4.532533489394998
4.545914770079896
4.609856127246286
4.689999991046077
4.726200279095059
4.710932887634696
4.645451523237869
4.568048054879266
4.528806756300385
4.544915074770551
4.609378841350971
4.68485154212585
4.725600678094996
4.709992605718988
4.642836022455525
4.568710191467177
4.524692730574167
4.549761608849563
4.608274806194424
4.680661274672181
4.723592738531985
4.707111974611209
4.636528196217807
4.564114088921788
4.525368013612448
4.538796543157027
4.611050557045895
4.683115603091363
4.724076552305268
4.703820939619949
4.637256329104407
4.559234492400225
4.5263922678902
4.538800770113262
4.604332468721187
4.67884153726285
4.716609753744826
4.700854999037209
4.632567630007585
4.557271610940957
4.520116753530639
4.539153585366389
4.601855354887434
4.675618009494571
4.714745556509873
4.696422919074998
4.632673670306075
4.554150884429183
4.516850705224511
4.536060296909312
4.600542303496981
4.67206443197534
4.712228777457326
4.690790163394207
4.628357429005836
4.551940954887291
4.51314433925539
4.533642498001007
4.598485013564606
4.675964817854733
4.713099076591848
4.693173612077414
4.625293468429
4.546205031723542
4.512578365187273
4.529183838484506
4.594836558557493
4.670707581589291
4.707640137658545
4.685318536319566
4.623551473725279
4.548494956343413
4.509280239838825
4.529334483397545
4.597121932355026
4.668735014780735
4.707590156873922
4.687984318662105
4.621313999697263
4.544376403516113
4.508203502596217
4.524854207664635
4.592246497605232
4.662517769416209
4.703368242058958
4.683230808532728
4.615404904590639
4.542682787893534
4.504083090496611
4.521894690432501
4.590506082975344
4.664012152609228
4.701060733749163
4.683519503946702
4.619113958449586
4.536774218667627
4.497339479211427
4.522755873041556
4.590290146076872
4.660413728528376
4.700699350824437
4.676093157843335
4.608296766017201
4.538190626876659
4.501317512415839
4.516965890365812
4.588643215333814
4.662951160641519
4.697429460925372
4.672746160293628
4.607074038731806
4.535486636124103
4.495716385595496
4.517087961852027
4.582362890494678
4.656457177271466
4.694082541452628
4.67149278431491
4.604223766139025
4.530843894569353
4.491753599518466
4.513532876432239
4.581198486042299
4.652172302236266
4.694408721672101
4.671688185672598
4.603365998834115
4.527459745671864
4.492178586297346
4.512121502827733
4.578943349581638
4.650902657871092
4.692653297876787
4.662987353789273
4.601255107249576
4.523601470540173
4.488449836532251
4.509846235609928
4.577552579682465
4.648779589675217
4.686843332376561
4.666619382641077
4.59740007323121
4.526054431961876
4.486008012522293
4.507813413537595
4.579262929149036
4.649953956735378
4.685051340721753
4.660724158033621
4.595744860842792
4.520231068783696
4.483549881989555
4.504401919081311
4.572743922016419
4.642718294403694
4.681997241679086
4.661777027583957
4.591097471717628
4.51575986928237
4.481067713146486
4.50325650488718
4.568974137226941
4.642180733836655
4.680198051550057
4.654805725081405
4.586727912098031
4.513380585160501
4.477032789627145
4.499652022458304
4.566856290304582
4.642523853644636
4.676211702981639
4.653603810733195
4.587759118686886
4.513440721837821
4.47878100992199
4.498668632408963
4.565829657481435
4.637371607045715
4.673224719736059
4.651279409345901
4.582671400148314
4.507354555030901
4.472183729867076
4.496492314194232
4.560398034855655
4.634212832178632
4.67433624103949
4.647330331274473
4.577610640717166
4.509265800244068
4.472562439298028
4.491353965969627
4.558458445757035
4.632547554072784
4.669343944212522
4.646006280277005
4.576556312338854
4.505825928242913
4.469518745220932
4.493404687059843
4.556292402278597
4.630583977729197
4.662801897596321
4.642888638264072
4.575061334723101
4.498960106904132
4.469924240518128
4.486106461580254
4.556798722177379
4.627624744948066
4.662765690101398
4.637934613141447
4.572151198442137
4.49745975670564
4.460270171803725
4.486552642316868
4.551243702520051
4.629019450071254
4.66366421226928
4.635045942864626
4.57052906312417
4.493710285869458
4.461640671636466
4.483314951871766
4.552179700989651
4.626851171824349
4.657640319476087
4.635885853943138
4.566924231883287
4.490650023111474
4.459962270368433
4.480595328855633
4.550433929314016
4.619758162311994
4.661732809779481
4.631338050838281
4.565128240811374
4.495034967381037
4.456264369498751
4.477254228201641
4.543635043934242
4.621695818972876
4.655676306507246
4.630362611891525
4.558440820770919
4.483779190852815
4.451006221034144
4.474123354812763
4.540278180699323
4.615933385859393
4.651908469775905
4.625274569673701
4.552410681596561
4.483794820397242
4.45168528296001
4.47367820435165
4.545721926497881
4.615683501210426
4.649817067794618
4.624276343438958
4.555948500140227
4.483325997946161
4.450216379512023
4.471210239684029
4.539653912743979
4.611361128584872
4.644952114581733
4.619969498644696
4.552134694383866
4.476506404114962
4.444438025908354
4.471161752888705
4.53820812861107
4.61520649784444
4.641290352901446
4.617578383624806
4.545262053406257
4.475725937561722
4.442503314108519
4.467743838029643
4.535905813482778
4.60857163971783
4.638692914556022
4.615249863501115
4.547734029162338
4.472424365724215
4.438049258471112
4.467804903949509
4.534197211779048
4.606767478229422
4.643021431187627
4.611804928166295
4.543138148298557
4.467821429462115
4.441876410487319
4.463894651374548
4.534964516850772
4.604137093242977
4.63631670546615
4.610333585505712
4.543150120572077
4.467331260553887
4.436547444375358
4.463713063593359
4.529770450359671
4.600696281791161
4.63311862997998
4.607302759349698
4.533198656009506
4.466721340278886
4.435831229574561
4.460384377041236
4.532405284713697
4.596276866783997
4.631417159648117
4.604018084535978
4.532575313026171
4.461724377042123
4.42851037931918
4.457662449455442
4.528742218939732
4.597370840646624
4.629795884368756
4.604474902883754
4.531563966651225
4.460650930250089
4.426527761348156
4.453374716042696
4.524946112825493
4.596914396237768
4.626768377140634
4.602143879332218
4.532808100806278
4.458526496868569
4.428214756650545
4.450136894957984
4.519696486504636
4.590778215038597
4.624185750027369
4.599491737905213
4.522000335847505
4.455026880386569
4.42504874625955
4.45079016437683
4.520279116088258
4.588380505463986
4.62348048109473
4.595712626657242
4.525263494837866
4.45159543294656
4.424191028213849
4.44928692982247
4.5149666792978
4.590367855899261
4.621576458882641
4.59463069636117
4.523866772704952
4.448169363460559
4.416497870435199
4.444610764551539
4.516551255880606
4.585500262711551
4.615944519476656
4.590068416482297
4.518568297023315
4.445092576771025
4.41124153121143
4.444458148963959
4.515549435442315
4.58449836218863
4.613875561848154
4.583889695362718
4.516729913274593
4.445539469421866
4.413321488784137
4.441610829047774
4.512389695494964
4.580419322770309
4.611195787477535
4.580733152940211
4.512864407132625
4.442345880189091
4.408910832245035
4.438305909777097
4.506835441704244
4.578729911320976
4.610801920290267
4.579283556419957
4.506331484708074
4.440702715807281
4.408568323941548
4.436584870750583
4.507479268477778
4.574698959331155
4.608114484165824
4.574911351468776
4.506612070454718
4.437857235219945
4.409501256424144
4.430666134366895
4.502600886793653
4.575096665084198
4.601919072752824
4.577261592492745
4.502794760846792
4.435343407654506
4.401688718211764
4.434300832284416
4.501965860294046
4.57422298163814
4.605492729888093
4.569111427054005
4.501265732400104
4.430644444208997
4.399236148608274
4.432210994443224
4.499439534823908
